angewandte_geodatenverarbeitung/datasource/RW_20160529-1650.asc
ncols         900
nrows         900
xllcorner     -523462
yllcorner     -4658645
cellsize      1000
NODATA_value  -1
[rows 814 to 887 of 900, columns 672 to 767 of 900]
0 0 0 0 0 0 0 0 0 0 0 0 0 0 0 0 0 0 0 0 0 0 0 0 0 0 0 0 0 0 0 0 0 0 0 0 0 0 0 2 2 0 1 1 1 0 0 0 0 0 0 0 0 0 0 0 0 0 0 0 0 0 1 1 3 3 3 3 2 11 21 35 51 71 66 67 47 26 41 29 44 29 30 24 18 12 8 3 2 3 3 2 1 1 1 1
0 0 0 0 0 0 0 0 0 0 0 0 0 0 0 0 0 0 0 0 0 0 0 0 0 0 0 0 0 0 0 0 0 0 0 0 0 0 0 0 1 0 0 0 1 0 0 0 0 0 0 0 0 0 0 0 0 0 0 0 0 0 0 2 3 4 4 1 2 8 15 26 42 61 81 80 61 22 34 46 33 35 41 31 24 18 12 7 2 4 4 2 2 2 1 1
0 0 0 0 0 0 0 0 0 0 0 0 0 0 0 0 0 0 0 0 0 0 0 0 0 0 0 0 0 0 0 0 0 0 0 0 0 0 0 0 0 0 0 0 0 1 0 0 0 0 0 0 0 0 0 0 0 0 0 0 0 0 0 1 3 5 3 3 5 3 6 13 30 47 66 94 79 66 50 36 26 34 34 25 29 21 15 9 6 5 4 4 4 2 1 1
0 0 0 0 0 0 0 0 0 0 0 0 0 0 0 0 0 0 0 0 0 0 0 0 0 0 0 0 0 0 0 0 0 0 0 0 0 0 0 2 0 1 0 0 0 0 0 0 0 0 0 0 0 0 0 0 0 0 0 1 1 0 0 1 2 4 5 8 5 8 8 6 20 22 58 82 134 89 57 50 45 34 22 21 26 22 16 7 8 6 3 5 6 4 3 1
0 0 0 0 0 0 0 0 0 0 0 0 0 0 0 0 0 0 0 0 0 0 0 0 0 0 0 0 0 0 0 0 0 0 0 0 0 0 0 2 0 0 0 0 0 1 0 0 0 0 0 0 0 0 0 0 0 0 0 0 0 1 0 0 1 2 6 10 12 13 11 6 12 27 38 84 90 100 100 72 35 38 20 35 32 24 18 12 10 8 7 6 6 4 2 1
0 0 0 0 0 0 0 0 0 0 0 0 0 0 0 0 0 0 0 0 0 0 0 0 0 0 0 0 0 0 0 0 0 0 0 0 0 0 0 0 1 1 0 1 0 0 0 0 0 0 0 0 0 0 0 0 0 0 0 0 1 0 0 1 1 3 5 9 9 12 7 12 8 20 38 53 66 118 119 85 66 32 43 41 37 24 20 14 10 7 10 8 5 4 3 3
0 0 0 0 0 0 0 0 0 0 0 0 0 0 0 0 0 0 0 0 0 0 0 0 0 0 0 0 0 0 0 0 0 0 0 0 0 0 0 0 0 1 2 1 0 0 0 0 0 0 0 1 0 0 0 0 0 0 0 0 0 0 0 1 1 2 4 4 7 5 13 14 13 23 30 49 80 115 123 85 80 69 65 40 36 37 24 14 5 8 10 8 6 4 3 2
0 0 0 0 0 0 0 0 0 0 0 0 0 0 0 0 0 0 0 0 0 0 0 0 0 0 0 0 0 0 0 0 0 0 0 0 0 0 0 0 1 0 2 2 2 1 0 0 0 0 1 2 0 0 0 0 0 0 0 0 0 0 0 0 1 1 2 5 4 9 13 12 8 10 12 44 66 104 142 116 91 97 78 68 70 44 30 6 6 8 8 7 6 4 2 0
0 0 0 0 0 0 0 0 0 0 0 0 0 0 0 1 0 0 0 0 0 0 0 0 0 0 0 0 0 0 0 0 0 0 0 0 0 0 0 0 0 0 1 2 2 2 1 0 0 0 1 0 0 0 0 0 0 0 0 0 0 1 1 0 1 1 3 5 9 7 10 8 7 7 19 34 56 85 112 100 74 73 75 75 68 54 37 24 14 7 6 3 6 4 2 1
0 0 0 0 0 0 0 0 0 0 0 0 0 0 0 0 1 1 0 0 1 1 1 0 0 0 0 0 0 0 0 0 0 0 0 0 0 0 0 0 0 0 1 1 2 2 1 1 2 0 0 0 0 0 0 0 0 0 0 0 0 1 0 1 1 0 3 4 5 3 9 15 6 10 19 13 41 63 88 72 52 56 39 72 94 60 45 32 21 5 8 7 5 4 1 1
0 0 0 0 0 0 0 0 0 0 0 0 0 0 0 0 0 1 1 1 1 1 0 0 0 0 0 0 0 0 0 0 0 0 0 0 0 0 0 0 0 0 1 1 2 2 2 3 2 1 0 0 0 0 0 0 0 0 0 0 0 0 0 1 1 2 3 3 1 6 10 8 17 18 21 18 14 45 58 55 37 31 48 56 76 63 50 40 28 18 11 4 5 4 2 2
0 0 0 0 0 0 0 0 0 0 0 0 0 0 0 0 0 1 1 1 1 0 1 0 0 0 0 0 0 0 0 0 0 0 0 0 0 0 0 0 0 0 0 1 1 2 4 4 3 2 1 1 0 0 0 0 0 0 0 0 0 0 0 0 1 3 3 4 4 7 7 15 20 23 13 11 27 35 35 67 38 43 24 45 49 40 60 51 30 24 15 2 4 3 3 2
0 0 0 0 0 0 0 0 0 0 0 0 0 0 0 0 0 1 0 0 0 0 0 0 0 0 0 0 0 0 0 0 0 0 0 0 0 0 0 0 0 0 0 1 2 2 2 2 2 3 3 2 1 0 0 0 0 0 0 0 0 0 0 0 0 1 3 4 9 9 9 9 17 16 17 22 23 41 40 34 33 25 23 26 32 43 47 55 46 32 15 12 6 1 2 3
0 0 0 0 0 0 0 0 0 0 0 0 0 0 0 0 1 0 1 1 1 0 0 0 0 0 0 0 0 0 0 0 0 0 0 0 0 0 0 0 0 0 0 0 1 0 1 1 3 4 4 3 3 2 1 1 0 0 0 0 0 0 0 0 0 0 1 4 6 9 9 13 9 12 15 25 25 25 26 22 20 16 15 22 32 28 42 52 61 39 28 17 5 5 3 3
0 0 0 0 0 0 0 0 0 0 0 0 0 0 0 0 0 0 1 1 1 1 0 0 0 0 0 0 0 0 0 0 0 0 0 0 0 0 0 1 0 0 0 0 0 0 0 2 3 4 6 4 4 3 2 0 0 0 0 0 0 0 0 0 0 0 0 2 3 6 9 16 8 4 12 12 18 11 12 14 19 15 23 19 18 21 30 40 47 47 34 23 13 4 3 4
0 0 0 0 0 0 0 0 0 0 0 0 0 0 0 0 0 0 0 0 1 1 0 0 0 0 0 0 0 0 0 0 0 0 0 0 0 0 0 0 0 0 0 0 0 0 0 1 2 4 5 7 6 5 3 0 3 0 0 0 0 0 0 0 0 0 0 0 0 3 7 10 11 7 10 9 10 11 17 16 19 12 17 13 14 12 20 27 35 50 42 26 17 10 6 4
0 0 0 0 0 0 0 0 0 0 0 0 0 0 0 0 0 0 0 0 1 1 2 1 0 0 0 0 0 1 0 0 0 0 0 0 0 0 0 0 0 0 0 0 0 0 0 0 0 2 4 6 10 7 6 5 3 1 0 0 0 0 0 0 0 0 0 0 0 1 3 7 12 16 6 5 6 15 16 15 9 9 14 9 12 9 8 11 26 31 24 31 19 8 8 6
0 0 0 0 0 0 0 0 0 0 0 0 0 0 0 0 0 0 0 0 1 1 3 2 2 1 1 1 1 1 1 1 1 0 0 1 1 0 0 0 0 0 0 0 0 0 0 0 0 1 3 5 6 10 11 5 3 0 0 0 0 0 0 0 0 0 0 0 0 0 1 4 7 10 8 7 12 13 13 7 8 13 14 13 9 7 10 16 15 24 26 25 19 15 10 6
0 0 0 0 0 0 0 0 0 0 0 0 0 0 0 0 0 0 0 0 0 1 3 2 3 3 3 2 1 1 3 3 3 3 3 2 1 0 0 0 0 0 0 0 0 0 0 0 0 0 1 2 4 6 8 5 0 1 1 0 0 0 0 0 0 0 0 0 0 0 0 1 3 5 8 15 16 13 9 11 13 17 17 10 12 11 12 10 16 24 24 24 18 13 11 8
0 0 0 0 0 0 0 0 0 0 0 0 0 0 0 0 0 0 0 0 1 1 1 1 3 6 4 3 2 2 3 5 6 4 5 3 3 0 0 0 0 0 0 0 0 0 0 0 0 0 0 1 1 4 5 4 2 1 0 0 0 0 0 0 0 0 0 0 0 0 0 0 1 1 6 11 10 11 13 13 14 8 14 15 9 11 11 12 16 26 15 16 21 16 13 7
2 1 0 0 0 0 0 0 0 0 1 0 0 0 0 0 0 0 0 0 0 1 2 3 4 5 3 3 4 5 5 5 5 8 7 5 4 3 2 2 1 0 0 1 1 1 0 0 0 0 0 0 2 2 3 3 2 2 0 0 0 0 0 0 0 0 0 0 0 0 0 0 0 1 4 7 11 15 15 9 6 14 15 16 12 10 7 9 18 25 20 21 16 16 10 13
2 2 1 0 0 0 0 0 0 0 0 0 0 1 0 1 0 1 1 1 2 1 3 3 4 4 4 4 6 7 6 5 6 10 8 9 5 4 4 3 2 1 1 0 1 1 1 1 0 0 0 0 1 2 2 0 1 2 2 1 0 0 0 0 0 0 0 0 0 0 0 0 0 0 1 4 7 7 15 9 11 11 17 15 9 8 10 12 13 15 16 10 11 12 13 10
7 4 0 2 1 0 0 0 0 0 0 0 0 0 0 0 1 1 2 3 2 2 3 2 3 4 5 4 5 5 4 5 7 12 12 11 10 7 6 3 2 2 0 0 0 0 0 0 0 0 1 1 1 1 0 0 2 3 2 1 0 0 0 0 0 0 0 0 0 0 0 0 0 0 0 1 3 6 7 7 5 9 8 10 8 9 12 11 13 11 6 10 10 13 10 7
10 7 5 3 2 1 0 0 0 0 0 0 1 1 1 1 1 2 2 4 5 3 3 3 2 4 3 4 3 3 4 8 8 7 8 13 13 11 5 5 4 3 2 1 0 0 0 0 0 0 0 1 1 0 0 1 2 3 2 1 0 1 0 0 0 0 0 0 0 0 0 0 0 0 0 0 2 2 4 1 3 8 12 8 5 7 6 7 6 9 6 7 10 7 5 6
15 10 6 4 3 1 0 0 0 0 0 0 1 1 0 1 2 2 3 4 5 3 3 3 3 2 3 5 4 4 3 5 6 6 8 10 10 10 10 6 5 3 2 0 0 0 0 0 0 0 0 0 1 1 1 1 3 2 1 0 1 0 0 0 0 0 0 0 0 0 0 0 0 0 0 0 1 2 1 2 4 6 7 4 4 5 5 5 7 7 5 5 5 5 4 5
10 7 4 3 3 3 2 2 1 1 1 0 0 1 1 2 2 3 3 5 6 5 4 5 4 5 3 3 2 1 3 4 5 6 5 5 7 10 8 8 4 3 1 0 0 1 0 0 0 0 0 1 0 1 2 2 1 2 1 1 0 0 0 0 0 0 1 0 0 0 0 0 0 0 0 0 1 0 1 1 3 3 4 1 5 3 3 6 6 4 3 3 2 2 4 6
8 1 1 0 3 5 4 3 3 2 1 1 1 1 1 2 4 4 4 4 5 5 8 7 5 4 2 2 2 2 1 2 5 5 2 1 4 8 9 4 4 2 2 2 1 0 0 1 1 0 1 1 2 2 3 2 2 2 1 0 0 0 0 0 0 0 0 0 0 0 0 0 0 0 0 0 0 0 1 0 2 3 4 2 1 4 4 5 4 4 6 3 3 4 5 4
6 5 3 3 2 3 3 5 4 2 1 1 1 2 2 4 4 3 4 6 4 5 5 5 4 3 2 1 3 1 1 2 3 3 3 2 4 6 8 6 5 5 4 3 2 2 2 3 3 3 2 1 3 3 2 2 2 1 0 0 0 0 0 0 0 0 0 0 0 0 0 0 0 0 0 0 0 1 2 1 3 3 3 7 4 7 7 2 3 6 3 6 3 3 3 3
4 7 6 4 1 0 2 3 3 3 3 2 3 4 3 4 6 5 5 5 5 4 8 7 5 2 0 0 1 1 0 0 0 1 0 3 3 6 6 7 9 7 6 2 2 3 3 4 4 4 3 3 2 1 1 0 1 1 0 0 0 0 0 0 0 0 0 0 0 0 0 0 0 0 0 0 0 1 0 1 2 4 3 6 11 10 8 8 8 8 6 6 9 4 6 8
3 5 5 4 3 2 0 1 3 3 4 4 3 4 3 4 3 5 5 4 4 4 6 6 8 3 0 0 0 0 0 0 0 0 1 3 7 5 8 8 11 10 8 7 4 6 6 8 9 7 8 6 3 1 1 0 1 1 1 0 0 0 0 0 0 0 0 0 0 0 0 0 0 0 0 0 1 1 2 1 2 2 3 6 12 12 9 11 12 10 10 7 12 11 8 15
2 2 3 3 4 2 1 2 2 4 3 5 3 6 7 8 8 7 8 9 6 6 5 10 7 6 1 0 0 0 0 0 0 0 2 3 3 7 9 11 12 10 14 10 8 9 7 10 14 13 10 8 6 4 1 2 1 1 1 0 0 0 0 0 0 0 0 0 0 0 0 0 0 0 1 1 2 0 2 1 0 4 3 8 7 11 11 18 13 17 15 17 14 12 15 13
1 0 0 2 3 3 3 2 2 4 7 7 6 7 10 8 9 9 7 7 7 5 4 10 7 2 3 0 0 1 0 1 1 3 4 2 5 8 14 12 14 10 15 14 11 11 11 14 16 15 12 12 8 6 4 3 1 3 2 1 0 0 0 1 0 0 0 0 0 0 0 0 1 1 1 2 1 1 0 0 0 0 2 2 6 6 12 15 14 17 19 12 17 16 17 17
1 1 1 1 1 4 5 5 5 4 6 8 12 12 12 10 9 8 8 5 5 5 9 13 9 5 6 6 6 2 3 2 3 7 5 5 3 10 12 21 17 12 18 16 13 11 13 13 14 13 13 13 8 7 5 4 4 3 3 2 0 0 0 1 0 0 0 0 0 1 1 1 1 2 2 1 0 0 0 0 0 2 1 2 1 6 8 14 15 16 17 20 16 14 17 22
1 3 3 2 2 4 7 7 6 6 8 6 11 12 9 7 5 8 10 8 8 10 14 20 10 5 6 7 4 5 4 1 1 3 3 5 7 8 15 16 16 19 23 18 11 12 12 12 10 11 11 9 7 6 5 5 3 3 2 2 0 0 0 0 0 0 0 0 0 1 2 2 1 1 1 0 0 0 0 0 0 1 1 1 1 2 6 8 16 19 18 20 19 17 15 14
2 2 2 2 4 5 6 6 6 7 7 5 9 11 10 5 5 7 6 7 7 15 17 17 9 7 7 10 5 5 5 5 2 3 5 5 6 11 10 18 13 17 22 15 16 11 14 14 10 10 9 10 7 5 4 4 2 3 3 1 1 0 0 0 0 0 0 0 1 1 1 1 1 0 1 0 0 0 0 0 2 2 1 2 1 2 3 9 10 18 17 15 16 14 14 13
2 2 5 5 5 6 8 9 12 10 6 5 7 7 6 6 5 4 6 9 9 18 16 13 8 7 5 6 6 7 6 7 7 5 7 10 8 8 13 16 20 22 17 18 15 16 11 11 11 9 9 9 7 6 4 5 4 3 3 2 1 1 0 0 0 0 0 1 1 1 1 1 1 0 0 0 0 0 0 0 2 3 4 1 3 3 3 5 8 9 15 16 13 14 13 14
3 2 3 7 7 7 10 12 11 10 6 4 6 6 6 8 6 9 14 17 21 21 15 15 12 12 9 6 10 10 14 12 11 13 13 12 15 13 20 19 21 21 22 21 14 15 16 11 8 8 8 8 7 6 6 7 4 3 3 3 3 1 0 1 0 0 0 0 1 2 1 1 0 0 0 0 0 0 0 0 1 2 4 4 4 6 5 6 5 8 8 13 14 15 14 14
2 2 5 6 8 8 12 13 13 7 7 6 9 7 7 7 11 17 22 22 21 17 14 12 13 13 10 11 15 14 14 17 16 16 19 19 19 19 15 24 21 23 21 22 17 16 14 8 8 8 10 10 12 11 11 10 8 7 5 6 3 3 2 1 0 0 1 1 2 2 2 1 0 1 0 0 0 0 1 0 0 1 1 6 6 6 6 5 5 5 9 7 7 12 10 12
1 2 5 7 13 13 14 14 12 11 10 10 9 8 11 10 14 20 20 20 17 13 13 16 16 16 15 16 18 19 21 15 18 18 29 18 13 17 30 25 25 26 21 24 22 17 12 12 11 7 7 10 12 14 13 12 11 10 9 9 7 4 1 2 1 2 3 3 2 2 2 1 1 1 0 1 0 0 0 0 0 1 3 4 6 6 8 6 5 5 5 8 7 7 11 10
3 3 4 8 11 15 13 12 15 14 13 10 11 13 14 13 15 16 18 18 24 14 16 20 20 19 14 27 23 18 22 15 15 17 23 23 19 23 28 20 32 26 22 22 18 14 11 14 10 9 12 11 12 17 14 16 14 14 15 12 9 7 1 4 4 4 3 3 2 2 1 1 1 1 0 0 0 0 0 0 0 0 3 4 5 7 7 6 6 5 4 4 7 7 6 12
4 3 5 5 10 11 11 11 11 16 12 12 13 12 9 8 10 15 17 17 16 14 23 27 27 22 25 23 23 17 17 18 21 20 21 19 19 20 26 22 25 22 17 19 25 19 17 13 11 10 10 13 11 16 15 16 14 12 16 14 13 9 7 6 7 4 3 3 2 1 1 1 1 1 0 1 1 0 0 0 1 1 1 4 5 8 8 8 7 7 5 6 5 7 6 6
5 5 7 6 5 8 9 10 15 13 9 9 9 7 7 6 5 9 16 16 14 16 23 23 22 23 18 15 14 10 11 11 16 18 19 20 20 20 21 22 22 16 20 23 22 18 18 15 16 8 13 11 11 17 16 17 15 13 17 12 14 12 11 9 5 4 3 3 2 2 3 2 2 2 2 1 1 0 1 1 1 2 2 2 5 7 9 9 9 8 7 6 6 6 6 8
6 10 7 7 7 6 10 10 9 9 10 11 7 7 5 5 6 11 12 12 14 18 20 20 22 11 9 9 7 9 5 7 9 17 17 13 14 23 21 16 17 16 19 15 12 16 14 17 13 12 12 12 17 16 12 12 14 12 12 12 14 10 9 8 6 6 3 3 2 2 2 2 4 4 3 3 2 2 2 3 3 3 3 4 4 8 7 10 11 9 8 7 7 7 7 10
9 9 9 7 7 9 9 11 12 12 8 7 6 5 3 2 5 8 9 9 11 18 22 18 14 9 5 5 8 6 6 6 8 11 11 12 22 21 16 18 15 14 11 9 7 12 18 16 17 13 11 12 15 11 13 12 13 11 13 11 12 12 9 9 8 5 4 2 2 2 2 3 3 4 4 4 4 4 5 4 4 4 4 5 5 5 7 8 10 10 10 8 8 8 8 10
9 9 9 7 9 9 8 9 8 8 6 6 5 3 3 2 4 6 8 8 10 10 15 15 8 4 4 4 7 6 6 7 8 8 12 11 19 20 19 17 13 10 6 6 6 13 13 10 15 13 12 15 14 11 13 11 12 12 13 12 9 11 9 8 7 4 4 3 3 2 3 3 4 4 7 6 6 7 5 7 6 5 6 6 6 6 6 9 9 11 11 12 11 10 11 12
6 6 7 7 6 7 8 8 8 8 7 8 8 7 3 6 5 5 5 5 6 7 7 7 5 5 5 3 7 8 9 8 8 7 9 13 12 18 16 14 13 7 7 5 6 8 9 13 11 9 10 10 14 11 11 13 14 10 12 10 12 10 9 11 7 7 5 5 4 4 4 6 7 8 8 9 7 7 8 5 5 7 7 7 8 7 7 9 11 11 13 13 15 12 14 14
4 4 4 5 5 5 7 6 7 6 7 5 5 6 4 5 4 2 2 2 3 2 3 3 2 3 6 6 6 6 9 8 6 5 8 12 11 13 13 13 12 6 4 5 6 6 7 6 9 11 9 11 10 10 9 13 12 9 10 10 12 9 11 9 9 9 9 6 8 8 10 10 10 10 7 9 9 8 7 7 8 8 9 8 8 8 11 11 12 13 12 16 16 17 14 16
4 5 3 3 5 5 6 6 6 5 5 6 6 5 3 4 3 2 4 4 3 4 4 2 4 5 5 5 6 5 7 7 4 4 7 9 11 13 13 10 9 7 3 5 4 4 7 7 11 10 8 8 9 8 8 9 8 7 9 9 10 11 10 11 10 8 11 7 9 10 12 11 12 10 9 9 9 11 10 8 9 9 9 7 9 10 10 11 11 13 13 14 16 19 17 16
7 6 5 4 6 5 5 4 4 5 5 5 6 4 2 2 2 1 2 2 3 4 4 3 3 4 4 4 4 2 3 2 2 3 6 6 11 11 9 8 5 7 2 4 2 3 4 7 9 9 6 4 8 10 8 6 6 6 6 11 10 9 12 12 10 11 11 12 13 15 14 13 12 13 10 10 12 11 9 9 9 9 8 8 8 11 11 11 12 12 15 15 16 17 18 18
7 8 5 5 5 5 5 5 4 4 4 4 4 4 1 1 1 0 0 2 3 0 0 4 7 6 4 5 3 2 0 0 0 2 2 6 5 4 6 4 4 3 2 4 4 3 4 4 5 4 6 5 5 5 5 5 5 5 6 7 8 9 9 12 12 14 13 14 17 14 17 16 18 11 11 12 10 10 10 10 10 8 8 10 8 8 11 11 13 13 13 16 17 18 21 21
8 7 6 4 5 4 5 5 3 3 3 2 2 1 1 0 0 0 0 0 0 0 1 2 1 1 1 0 0 0 0 0 0 0 0 1 1 1 1 2 1 1 0 3 2 4 3 3 4 3 3 4 4 3 4 2 4 4 5 4 8 9 10 13 13 15 16 15 18 15 18 18 17 13 13 9 11 9 9 9 10 10 10 8 8 10 10 12 12 13 14 14 17 18 20 22
7 7 8 6 6 4 3 3 4 3 3 1 1 0 0 0 0 0 0 0 0 0 0 0 0 0 0 0 0 0 0 0 0 0 0 0 1 0 0 0 0 0 0 1 2 3 2 2 2 2 2 3 2 3 3 4 4 3 4 5 6 7 11 11 15 14 17 16 15 18 18 19 14 17 12 12 9 9 9 9 9 11 10 8 6 10 8 10 12 14 12 13 14 19 19 21
6 11 11 8 7 4 4 4 3 2 1 1 1 1 0 0 0 0 0 0 0 0 0 0 0 0 0 0 0 0 0 0 0 0 0 0 0 0 0 0 0 0 0 1 0 3 2 1 0 0 2 1 2 2 3 3 3 5 4 4 4 7 10 12 17 16 15 19 17 18 21 19 19 17 14 10 10 10 10 9 9 9 8 8 6 8 10 10 9 12 13 13 14 15 20 22
5 8 9 7 5 5 3 3 2 2 1 0 0 0 0 0 0 0 0 0 0 0 0 0 0 0 0 0 0 0 0 0 0 0 0 0 0 0 0 0 0 0 0 0 1 2 1 1 0 1 1 1 2 2 3 3 4 4 5 4 5 8 7 10 11 14 12 16 16 20 17 18 18 15 11 11 11 11 7 10 9 9 8 8 6 8 8 8 8 12 11 12 14 16 18 23
4 5 4 7 5 4 4 3 3 2 1 0 0 0 0 0 0 0 0 0 0 0 0 0 0 0 0 0 0 0 0 0 0 0 0 0 0 0 0 0 0 0 0 0 2 0 1 0 0 1 0 2 2 2 2 4 4 4 6 6 5 6 8 9 9 13 13 14 15 19 19 20 16 16 12 12 8 8 8 7 7 6 9 8 8 8 10 8 8 9 11 12 13 15 18 23
2 4 4 4 4 5 3 2 2 1 1 0 0 0 0 0 0 0 0 0 0 0 0 0 0 0 0 0 0 0 0 0 0 0 0 0 0 0 0 0 0 0 0 0 1 1 1 0 1 0 0 1 1 2 4 4 4 5 5 5 6 6 9 10 10 11 11 12 12 12 17 17 17 13 13 13 9 9 8 8 7 7 6 8 8 8 8 8 6 9 9 12 13 13 19 20
1 3 3 4 4 4 3 2 2 1 1 1 0 0 0 0 0 0 0 0 0 0 0 0 0 0 0 0 0 0 0 0 0 0 0 0 0 0 0 0 0 0 0 0 0 1 0 1 1 0 1 1 2 4 3 4 5 5 5 4 4 7 10 10 11 11 12 12 13 13 13 18 23 14 14 10 9 9 9 8 8 7 6 6 8 8 6 6 6 9 7 8 12 16 18 21
1 1 1 2 3 3 3 2 2 0 1 1 0 0 0 0 0 0 0 0 0 0 0 0 0 0 0 0 0 0 0 0 0 0 0 0 0 0 0 0 0 0 0 0 0 0 0 1 1 2 1 1 2 4 3 3 5 4 4 4 4 7 7 8 8 8 10 13 9 18 14 23 19 15 15 10 10 10 9 9 8 7 7 6 6 8 6 6 6 7 8 8 10 14 16 22
1 1 1 1 2 3 3 2 2 1 0 0 0 0 0 0 0 0 0 0 0 0 0 0 0 0 0 0 0 0 0 0 0 0 0 0 0 0 0 0 0 0 0 0 0 0 1 1 2 2 1 3 3 3 3 4 4 4 4 4 7 4 4 8 4 4 9 9 13 9 14 14 15 10 10 16 11 11 10 10 5 8 8 7 6 6 6 4 7 7 5 9 10 15 17 20
0 0 1 1 1 2 2 2 1 1 0 0 0 0 0 0 0 0 0 0 0 0 0 0 0 0 0 0 0 0 0 0 0 0 0 0 0 0 0 0 0 0 0 0 0 0 1 1 1 1 3 2 3 2 4 4 4 4 4 4 4 4 4 4 4 9 4 9 9 9 9 10 15 10 11 11 11 11 6 6 5 5 4 8 7 4 7 4 4 8 5 9 10 12 17 20
0 0 1 1 1 1 1 2 1 1 0 0 0 0 0 0 0 0 0 0 0 0 0 0 0 0 0 0 0 0 0 0 0 0 0 0 0 0 0 0 0 0 0 0 0 1 1 1 2 1 2 2 2 2 2 4 4 4 4 4 4 4 4 4 4 4 4 9 4 9 9 9 10 10 11 11 6 12 6 6 6 5 5 5 4 4 4 4 4 5 5 9 10 12 14 18
0 0 0 1 1 0 0 1 1 1 0 0 0 0 0 0 0 0 0 0 0 0 0 0 0 0 0 0 0 0 0 0 0 0 0 0 0 0 0 0 0 0 0 0 0 0 0 1 1 1 2 2 2 2 4 4 2 4 4 1 1 4 4 0 0 4 4 4 4 4 4 9 5 5 5 6 6 7 7 7 6 6 6 5 0 5 4 4 5 9 9 6 7 12 10 16
0 0 0 0 1 0 1 1 0 0 0 0 0 0 0 0 0 0 0 0 0 0 0 0 0 0 0 0 0 0 0 0 0 0 0 0 0 0 0 0 0 0 0 0 0 0 0 1 1 1 2 2 2 2 2 2 2 1 1 1 0 4 4 4 4 4 4 4 4 0 4 4 4 5 5 6 7 7 7 7 0 6 0 0 0 0 5 5 5 5 5 6 11 13 14 16
0 0 0 0 0 0 1 1 0 0 0 0 0 0 0 0 0 0 0 0 0 0 0 0 0 0 0 0 0 0 0 0 0 0 0 0 0 0 0 0 0 0 0 0 0 0 0 1 1 1 2 2 2 2 2 2 1 1 1 1 0 0 0 0 0 0 4 4 4 0 4 4 4 4 5 6 7 8 0 0 0 0 0 0 0 0 5 5 5 5 6 6 12 13 14 16
0 0 0 0 0 0 0 0 0 0 0 0 0 0 0 0 0 0 0 0 0 0 0 0 0 0 0 0 0 0 0 0 0 0 0 0 0 0 0 0 0 0 0 0 0 0 0 1 1 1 2 2 2 2 2 1 1 1 4 0 4 0 0 0 0 0 4 0 4 0 0 4 4 3 4 6 0 0 0 0 0 0 0 0 0 6 6 6 6 6 11 6 13 13 14 16
0 0 0 0 0 0 0 0 0 0 0 0 0 0 0 0 0 0 0 0 0 0 0 0 0 0 0 0 0 0 0 0 0 0 0 0 0 0 0 0 0 0 0 0 0 0 0 2 1 1 2 2 2 2 2 1 1 1 0 0 0 0 0 0 0 0 0 0 0 4 0 0 0 0 4 6 8 7 0 0 0 0 0 0 0 0 6 6 6 6 6 13 13 7 8 9
0 0 0 0 0 0 0 0 0 0 0 0 0 0 0 0 0 0 0 0 0 0 0 0 0 0 0 0 0 0 0 0 0 0 0 0 0 0 0 0 0 0 0 0 0 0 0 1 1 1 2 2 4 2 1 1 1 1 0 0 0 0 0 0 0 0 0 0 0 0 0 0 0 0 4 6 8 8 0 0 0 0 0 0 0 0 6 6 6 6 6 7 14 14 8 15
0 0 0 0 0 0 0 0 0 0 0 0 0 0 0 0 0 0 0 0 0 0 0 0 0 0 0 0 0 0 0 0 0 0 0 0 0 0 0 0 0 0 0 0 0 0 0 1 1 1 3 3 2 1 1 1 1 0 0 0 0 0 0 0 0 0 0 0 0 0 0 0 0 0 0 0 0 0 0 0 8 0 0 0 0 0 0 6 6 7 7 7 7 7 8 8
0 0 0 0 0 0 0 0 0 0 0 0 0 0 0 0 0 0 0 0 0 0 0 0 0 0 0 0 0 0 0 0 0 0 0 0 0 0 0 0 0 1 0 0 0 0 0 1 2 1 1 1 4 1 1 1 0 0 0 0 0 0 0 0 0 0 0 0 0 0 0 0 0 0 0 6 0 7 0 0 0 0 0 0 0 0 0 0 7 7 7 7 7 7 7 8
0 0 0 0 0 0 0 0 0 0 0 0 0 0 0 0 0 0 0 0 0 0 0 0 0 0 0 0 0 0 0 0 0 0 0 0 0 0 0 0 0 0 0 1 0 0 0 0 2 2 1 1 1 1 1 1 0 0 0 0 0 0 0 0 0 0 0 0 0 0 0 0 0 0 0 0 0 0 0 0 0 0 0 0 0 0 7 0 7 7 7 7 7 7 7 8
0 0 0 0 0 0 0 0 0 0 0 0 0 0 0 0 0 0 0 0 0 0 0 0 0 0 0 0 0 0 0 0 0 0 0 0 0 0 0 0 0 0 0 0 0 0 1 0 1 2 1 1 1 1 1 0 0 0 0 0 0 0 0 0 0 0 0 0 0 0 0 0 0 0 0 0 0 0 0 0 0 0 0 0 0 0 0 0 0 7 7 0 7 7 7 0
0 0 0 0 0 0 0 0 0 0 0 0 0 0 0 0 0 0 0 0 0 0 0 0 0 0 0 0 0 0 0 0 0 0 0 0 0 0 0 0 0 0 0 0 0 0 0 0 0 1 1 1 1 1 0 0 0 0 0 0 0 0 0 0 0 0 0 0 0 0 0 0 0 0 0 0 0 0 0 0 0 0 0 0 0 0 0 0 0 0 0 0 7 7 7 8
0 0 0 0 0 0 0 0 0 0 0 0 0 0 0 0 0 0 0 0 0 0 0 0 0 0 0 0 0 0 0 0 0 0 0 0 0 0 0 0 0 0 0 0 0 0 0 0 0 1 1 1 1 0 0 0 0 0 0 0 0 0 0 0 0 0 0 0 0 0 0 0 0 0 0 0 0 0 0 0 0 0 0 0 0 0 0 0 0 0 0 0 0 7 7 8
0 0 0 0 0 0 0 0 0 0 0 0 0 0 0 0 0 0 0 0 0 0 0 0 0 0 0 0 0 0 0 0 0 0 0 0 0 0 0 0 0 0 0 0 0 0 0 0 0 0 1 1 0 0 0 0 0 0 0 0 0 0 0 0 0 0 0 0 0 0 0 0 0 0 0 0 0 0 0 0 0 0 0 0 0 0 0 0 0 0 0 7 0 0 7 8
