angewandte_geodatenverarbeitung/datasource/RW_20160529-1650.asc
ncols         900
nrows         900
xllcorner     -523462
yllcorner     -4658645
cellsize      1000
NODATA_value  -1
[rows 592 to 665 of 900, columns 480 to 575 of 900]
0 0 0 0 0 0 0 0 0 0 0 0 0 0 0 0 0 0 0 0 0 0 0 0 0 0 0 0 0 0 0 0 0 0 0 0 0 0 0 0 0 0 0 0 1 1 1 1 2 2 2 3 3 2 2 2 2 2 2 1 1 1 1 0 0 1 1 0 1 1 2 3 4 4 4 4 3 3 2 1 1 1 0 0 0 0 0 0 0 0 0 0 0 0 0 0
0 0 0 0 0 0 0 0 0 0 0 0 0 0 0 0 0 0 0 0 0 0 0 0 0 0 0 0 0 0 0 0 0 0 0 0 0 0 0 0 0 0 0 1 1 1 2 1 1 2 1 2 1 3 3 2 2 2 3 3 2 2 1 1 1 1 1 0 1 0 3 4 4 4 4 4 4 3 2 1 1 0 0 0 0 0 0 0 0 0 0 0 0 0 0 0
0 0 0 0 0 0 0 0 1 0 0 0 0 0 0 0 0 0 0 0 0 0 0 0 0 0 0 0 0 0 0 0 0 0 0 0 0 0 0 0 0 0 1 1 1 2 1 2 2 2 2 2 2 2 2 3 3 3 4 4 3 2 2 1 1 1 1 1 1 1 3 5 5 5 5 4 4 3 2 2 1 0 0 0 0 0 0 0 0 0 0 0 0 0 0 0
0 0 0 0 0 0 0 0 0 0 0 0 0 0 0 0 0 0 0 0 0 0 0 0 0 0 0 0 0 0 0 0 0 0 0 0 0 0 0 0 0 1 2 1 2 2 2 2 1 2 2 2 2 2 2 3 3 4 4 4 4 2 2 1 1 1 1 1 1 1 3 5 5 5 5 4 3 3 2 2 1 0 0 0 0 0 0 0 0 0 0 0 0 0 0 0
0 0 0 0 0 0 0 0 0 0 0 0 0 0 0 0 1 1 0 0 0 0 0 0 0 0 0 0 0 0 0 0 0 0 0 0 0 1 0 0 1 1 2 2 2 2 2 2 2 2 2 3 2 2 3 3 2 4 3 4 4 4 2 1 1 1 1 1 1 1 3 5 4 5 6 5 4 4 2 1 1 0 0 0 0 0 0 0 0 0 0 0 0 0 0 0
0 0 0 0 0 0 0 0 0 0 0 0 0 0 0 0 0 0 1 1 0 0 0 0 0 0 0 0 0 0 0 0 0 1 0 0 1 1 1 1 1 1 2 1 2 2 2 2 1 2 2 2 2 3 2 2 3 4 4 5 5 3 2 1 1 1 1 1 1 1 3 4 5 5 5 5 4 4 3 3 2 1 0 0 0 0 0 0 0 0 0 0 0 0 0 0
0 0 1 0 0 0 0 0 0 0 0 0 0 0 0 0 0 0 0 0 0 0 0 0 0 0 0 0 0 0 0 0 0 0 0 0 1 1 2 1 1 2 1 2 2 2 2 2 2 2 2 2 2 3 3 3 3 4 4 4 4 3 3 2 1 1 1 1 1 1 3 5 5 6 5 5 4 4 3 3 1 1 1 0 0 0 0 0 0 0 0 0 0 0 0 0
0 0 1 0 0 0 0 0 0 0 0 0 0 0 0 0 0 0 0 0 0 0 0 0 0 0 0 0 0 0 1 0 0 1 1 1 1 1 1 2 1 1 2 2 2 2 2 2 2 2 2 2 3 2 3 3 3 4 4 3 4 3 2 2 1 1 1 2 1 3 3 4 4 4 4 5 4 3 3 3 2 1 0 0 0 0 0 0 0 0 0 0 0 0 0 0
0 0 0 0 0 0 0 0 0 0 0 0 0 0 0 0 0 0 0 0 0 0 0 0 0 0 0 0 0 0 1 0 1 0 1 1 1 1 1 2 1 1 1 1 2 2 2 2 2 2 2 2 2 2 3 3 4 4 5 4 3 3 2 2 2 2 2 1 1 3 4 4 4 4 4 4 4 3 3 3 3 2 1 1 0 0 0 0 0 0 0 0 0 0 0 0
0 0 0 0 0 0 0 0 0 0 0 0 0 0 0 0 0 0 0 0 0 0 0 0 0 0 0 0 0 0 0 0 1 0 1 0 1 1 2 1 1 3 3 1 3 2 2 3 4 2 2 2 2 3 2 3 3 3 4 4 3 3 3 2 2 2 2 1 2 3 4 3 4 4 4 3 4 3 4 2 3 2 2 1 1 1 0 0 0 0 0 0 0 0 0 0
0 0 0 0 0 0 0 0 0 0 0 0 0 0 0 0 0 0 0 0 0 0 0 0 0 0 0 0 0 0 0 0 0 1 0 1 0 1 1 2 2 2 3 3 3 3 5 3 2 4 3 1 2 2 2 3 3 3 4 4 4 3 2 1 1 2 2 2 1 3 4 4 5 4 3 3 4 4 3 2 3 2 2 2 1 1 0 0 0 0 0 0 0 0 0 0
0 0 0 0 0 0 0 0 0 0 0 0 0 0 0 0 0 0 0 0 0 0 0 0 0 0 0 0 0 0 0 0 0 0 0 0 1 1 1 3 3 2 4 5 4 6 5 5 6 6 5 4 3 3 3 1 2 2 2 1 2 2 2 2 2 2 1 2 1 3 4 4 4 4 4 4 4 5 5 3 3 3 2 1 1 1 0 0 0 0 0 0 0 0 0 0
0 0 0 0 0 0 0 0 0 0 0 0 0 0 0 0 0 0 0 0 0 0 0 0 0 0 0 0 0 0 0 0 0 1 0 1 1 1 2 2 2 4 5 3 7 7 6 9 7 5 7 7 4 3 2 2 3 2 2 1 1 0 1 3 3 2 1 1 1 3 4 4 4 4 4 4 4 5 5 4 4 2 2 1 1 1 1 1 0 1 0 0 0 0 0 0
0 0 0 0 0 0 0 0 0 0 0 0 0 0 0 0 0 0 0 0 0 0 0 0 0 0 0 0 0 0 0 0 0 0 1 1 1 3 2 2 2 4 3 7 7 10 13 10 9 10 8 10 8 6 3 2 2 1 2 2 0 1 2 3 2 2 1 0 1 3 3 3 4 5 4 4 5 5 6 5 5 3 2 2 1 1 0 1 0 0 0 0 0 0 0 0
0 0 0 0 0 0 0 0 0 0 0 0 0 0 0 0 0 0 0 0 0 0 0 0 0 0 0 0 0 0 0 0 1 1 1 2 3 2 3 2 2 2 3 5 6 7 12 12 13 12 10 16 15 10 7 4 2 0 0 0 0 0 1 1 3 3 2 2 1 3 4 3 4 4 4 4 4 5 5 5 3 3 2 1 0 1 0 1 1 0 0 0 0 0 0 0
0 0 0 0 0 0 0 0 0 0 0 0 0 0 0 0 0 0 0 0 0 0 0 0 0 0 0 0 0 0 0 0 1 2 1 3 3 3 3 4 4 2 4 4 5 11 9 12 17 12 14 14 15 12 11 7 3 1 1 0 0 0 0 0 3 2 2 2 1 3 4 4 3 4 4 4 4 6 4 4 4 3 2 1 0 0 0 0 0 0 0 0 0 0 0 0
0 0 0 0 0 0 0 0 0 0 0 0 0 0 0 0 0 0 0 0 0 0 0 0 0 0 0 0 0 0 0 1 2 2 3 3 3 3 4 5 4 5 4 4 7 8 9 12 12 15 14 15 18 16 10 8 2 0 0 0 0 0 0 1 2 5 5 3 3 3 5 4 3 4 3 5 5 5 5 6 7 6 4 2 2 1 0 0 0 0 0 0 0 0 0 0
0 0 0 0 0 0 0 0 0 0 0 0 0 0 0 0 0 0 0 0 0 0 0 0 0 0 0 0 0 0 1 1 1 2 2 3 3 3 4 4 6 8 7 7 4 8 13 12 10 15 11 14 19 16 14 7 7 1 0 0 0 0 0 0 0 5 6 5 3 5 3 4 4 3 4 4 4 6 6 6 6 6 4 2 2 2 0 0 0 0 1 0 0 0 0 0
0 0 0 0 0 0 0 0 0 0 0 0 0 0 0 0 0 0 0 0 0 0 0 0 0 0 0 0 0 0 0 1 1 2 2 2 3 2 3 7 6 6 9 9 8 8 10 11 15 15 13 23 19 14 10 13 6 0 0 0 0 0 0 0 1 1 3 6 6 6 5 5 4 4 4 4 6 6 8 7 7 6 5 4 2 0 0 0 0 0 0 0 0 0 0 0
0 0 0 0 0 0 0 0 0 0 0 0 0 0 0 0 0 0 0 0 0 0 0 0 0 0 0 0 0 0 0 0 2 2 2 2 3 3 5 5 4 9 10 9 9 9 6 15 12 14 20 17 23 14 20 15 10 6 0 0 0 0 0 0 0 0 5 6 7 6 7 5 4 4 3 3 4 5 8 7 8 7 5 5 3 2 1 1 0 0 0 1 0 1 0 0
0 0 0 0 0 0 0 0 0 0 0 0 0 0 0 0 0 0 0 0 0 0 0 0 0 0 0 1 0 0 0 1 2 2 2 3 2 3 4 5 4 7 7 9 9 6 6 9 12 17 18 20 22 16 20 15 11 8 2 0 0 0 0 0 0 0 1 3 10 8 7 6 4 4 3 3 4 5 6 6 9 9 5 4 3 2 2 1 1 0 0 0 1 0 0 0
0 0 0 0 0 0 0 0 0 0 0 0 0 0 0 0 0 0 0 0 0 0 0 0 0 0 1 1 1 0 2 2 2 4 3 4 4 4 3 4 5 7 6 6 7 8 8 6 7 14 20 15 22 16 20 16 22 12 3 1 0 0 0 0 0 0 0 2 7 9 11 8 7 5 5 5 6 7 5 7 10 9 9 6 6 3 3 1 1 2 1 1 1 0 0 0
0 0 0 0 0 0 0 1 0 0 0 0 0 0 0 0 0 0 0 0 0 0 0 0 0 1 1 1 1 2 3 3 3 4 4 4 5 4 3 4 4 5 7 6 5 8 7 5 8 13 12 18 18 22 21 20 16 13 11 0 0 0 0 0 0 0 0 0 2 8 9 9 11 6 6 4 5 7 6 7 7 9 9 7 6 3 4 2 1 2 2 2 1 0 0 0
0 0 0 0 0 0 0 0 0 0 0 0 0 0 0 0 0 0 0 0 0 0 0 0 1 1 1 1 3 2 3 4 4 3 4 6 4 5 6 4 3 6 6 5 4 3 4 5 4 7 19 14 14 22 14 17 18 16 4 2 0 0 0 0 0 0 0 0 0 4 7 9 8 12 5 5 7 6 5 5 7 9 11 7 6 4 4 2 2 1 3 2 1 1 0 0
0 0 0 0 0 0 0 0 0 0 0 0 0 0 0 0 0 0 0 1 1 1 0 2 2 2 1 3 3 3 3 3 5 4 4 5 5 7 6 5 7 6 4 6 3 2 4 4 3 5 12 14 19 18 19 14 16 14 6 4 0 0 0 0 0 0 0 0 0 0 3 9 10 8 10 14 12 10 9 9 9 7 10 11 8 7 6 3 3 2 2 3 2 1 1 0
1 1 0 0 0 0 0 0 0 0 0 0 0 0 0 1 0 0 0 2 2 2 2 3 2 2 3 4 3 3 5 3 4 7 6 4 6 8 7 5 6 5 5 7 4 2 2 2 1 4 5 8 24 22 21 20 17 10 10 6 1 0 0 0 0 0 0 0 0 0 4 6 10 13 12 12 13 15 10 9 12 9 10 9 8 8 5 4 5 2 2 3 2 2 1 1
1 1 0 0 0 0 0 0 0 0 0 0 0 0 1 1 1 1 2 3 2 3 4 3 3 4 4 3 5 5 5 5 6 6 7 7 8 7 7 6 6 6 10 8 4 5 4 0 2 3 3 12 11 17 24 18 16 12 9 1 0 0 0 0 0 0 0 0 0 0 4 3 14 12 15 19 16 16 20 20 15 15 12 13 10 9 7 9 6 5 4 4 2 1 1 0
2 1 1 0 0 0 0 0 0 0 0 0 0 0 1 2 2 3 3 3 5 4 4 4 5 4 5 6 7 9 6 7 6 8 6 8 8 8 8 6 5 7 7 7 6 6 4 6 1 1 6 4 10 21 17 23 15 13 9 3 3 0 0 0 0 0 0 0 0 1 1 7 13 14 22 19 24 27 21 21 14 14 11 13 9 11 7 9 6 6 3 4 2 1 0 0
2 2 1 1 0 0 0 0 0 0 0 0 0 0 0 1 3 3 3 5 5 4 5 7 5 7 5 6 7 8 7 8 7 7 6 8 7 9 7 7 8 6 4 9 9 5 6 5 4 1 2 4 7 12 12 21 22 16 6 4 3 0 0 0 0 0 0 0 0 0 0 7 8 24 29 24 26 26 24 23 21 26 12 12 10 10 11 10 10 6 4 4 3 1 0 0
3 2 2 0 0 0 0 0 0 0 0 0 0 0 1 1 3 5 5 5 6 6 8 7 8 6 9 9 9 9 9 7 6 7 8 6 10 8 7 9 8 4 4 7 6 7 7 5 3 2 2 1 5 7 10 16 16 18 12 9 0 0 0 0 0 0 0 0 0 0 3 6 7 23 25 32 35 41 46 47 51 34 27 23 21 22 22 17 13 10 8 5 3 2 1 0
3 3 3 2 1 1 0 0 0 0 0 0 0 0 0 2 2 3 6 6 6 9 9 8 6 9 9 9 10 8 10 8 10 9 8 9 9 8 8 9 6 4 7 5 5 8 7 5 4 3 3 1 2 2 9 13 14 16 14 8 4 2 3 0 0 0 0 0 0 0 0 5 14 20 22 35 34 46 47 49 51 49 33 26 29 24 23 18 15 15 8 7 3 2 1 0
6 4 5 3 3 1 1 0 0 0 0 0 1 2 1 3 3 3 4 7 10 9 7 8 9 9 8 8 11 11 9 11 10 8 9 11 8 8 9 11 7 4 5 5 6 4 6 7 5 3 5 2 2 6 5 7 12 11 14 10 9 6 3 1 1 0 0 0 0 3 2 2 7 10 21 35 34 52 46 49 54 52 31 29 27 24 26 25 20 15 10 6 5 2 1 0
7 8 6 7 5 4 2 2 0 1 1 1 2 2 3 2 4 6 4 6 10 10 9 10 11 9 9 10 9 10 9 10 10 9 13 11 9 11 9 9 7 7 4 4 4 3 3 5 5 4 5 2 1 2 4 4 7 11 9 6 6 6 3 4 4 3 1 0 1 2 0 8 3 6 19 21 38 56 53 58 55 53 45 46 39 24 24 20 20 17 13 10 4 2 1 0
9 9 12 7 6 5 4 3 2 1 2 3 3 4 4 6 7 7 9 8 9 8 10 12 12 11 11 11 10 11 12 10 10 9 9 12 12 10 10 7 9 6 4 5 5 3 6 4 3 6 5 2 3 3 4 4 3 4 5 8 8 5 4 8 8 7 6 2 2 2 0 7 3 16 16 17 31 50 55 64 60 51 44 48 37 35 40 25 23 21 14 10 6 4 2 1
10 13 10 11 8 8 6 5 1 3 4 5 5 5 8 6 7 12 11 10 8 8 9 13 13 12 12 12 11 12 11 10 11 11 12 9 11 11 9 8 9 7 8 5 4 5 5 4 10 9 8 6 4 2 2 1 3 3 5 4 6 5 7 6 9 11 10 7 7 10 9 9 7 14 11 17 40 46 63 68 76 65 64 62 43 47 43 35 30 27 14 10 7 2 1 1
10 13 12 15 13 9 8 6 5 5 5 4 6 8 10 9 9 15 12 10 11 9 12 13 16 11 14 12 14 12 11 11 13 12 12 14 8 8 7 7 6 7 6 4 2 4 5 6 10 7 7 10 10 4 3 4 0 1 3 2 5 5 7 6 4 11 15 10 12 12 13 15 9 16 15 30 38 39 57 65 73 81 72 71 64 52 41 38 30 24 24 17 6 6 2 2
15 17 16 19 13 12 10 7 7 8 5 7 8 10 10 10 13 14 14 15 9 10 13 13 9 16 13 15 15 12 11 13 12 11 11 10 9 7 4 4 5 4 5 5 6 6 4 10 8 4 10 11 8 8 4 2 0 0 1 5 3 6 4 5 8 10 10 15 12 16 16 13 21 20 15 35 36 62 62 67 82 88 108 96 88 84 72 63 53 39 35 23 16 10 6 4
20 16 16 18 15 16 13 8 9 6 7 6 9 11 12 16 17 14 15 15 13 13 13 15 10 12 21 15 14 15 13 12 11 10 10 8 7 7 4 4 4 4 3 5 5 5 7 8 7 8 8 9 8 9 4 5 0 0 2 1 4 5 6 8 8 7 16 12 13 19 24 18 19 20 35 33 37 55 59 87 86 94 105 101 89 74 83 96 75 54 35 27 25 8 10 7
20 17 22 19 17 18 14 10 9 9 6 8 7 12 15 19 19 16 18 16 16 15 16 13 12 13 15 19 16 17 17 13 14 13 9 8 6 5 4 4 2 2 4 4 4 5 6 9 7 7 12 7 9 8 8 2 2 3 1 0 2 5 3 8 5 8 14 14 15 21 24 22 22 20 34 31 49 54 54 92 88 121 113 118 124 111 91 113 93 75 62 51 34 24 16 9
22 23 24 17 19 15 14 16 12 9 9 7 10 10 15 21 18 19 22 19 20 17 14 19 16 16 20 13 15 23 21 16 16 13 11 9 7 5 5 3 2 3 3 3 5 7 7 11 11 9 11 7 6 9 7 4 3 3 0 2 2 2 6 7 10 11 12 12 17 22 25 27 23 29 32 32 58 54 103 101 120 175 152 163 186 161 155 165 94 90 92 67 36 32 23 9
21 23 22 21 21 22 18 19 13 12 10 11 10 13 16 19 18 22 25 25 19 23 19 18 21 20 19 20 18 15 18 17 14 15 11 10 7 6 6 4 3 2 1 3 5 5 10 15 15 13 10 9 6 6 7 8 6 2 2 2 3 3 6 8 5 11 10 8 15 17 34 35 32 35 35 54 49 54 107 111 158 181 170 209 166 203 186 167 182 165 85 82 66 48 30 16
25 29 29 26 25 22 26 18 22 13 18 11 13 15 17 18 21 25 25 23 24 27 23 24 21 19 19 19 16 14 12 16 13 14 10 10 8 8 6 4 5 4 3 2 3 3 9 11 10 10 7 7 8 6 7 5 5 5 3 2 1 3 7 8 11 10 8 14 10 18 19 28 37 47 43 53 50 60 93 94 181 214 268 291 299 291 262 262 284 200 154 88 65 57 38 9
32 31 32 28 29 29 23 28 16 17 12 10 13 15 19 21 22 28 22 22 32 36 24 29 27 23 19 19 13 14 11 9 12 12 11 9 8 8 6 6 5 4 5 5 4 5 11 13 9 9 7 7 8 7 5 4 3 4 3 0 2 5 4 5 9 7 7 10 9 14 19 23 43 40 46 57 52 85 81 101 178 247 378 358 359 384 340 398 293 262 181 103 66 70 44 24
36 33 37 39 29 32 28 24 18 14 13 10 13 16 15 22 22 23 23 29 27 31 30 31 24 27 19 15 17 11 9 9 9 6 9 11 8 6 8 7 5 4 6 4 6 9 14 13 7 7 6 8 7 7 5 4 4 3 2 2 2 2 3 5 10 8 11 8 6 13 14 24 33 40 52 57 63 72 69 140 187 233 331 387 488 412 427 407 360 328 220 142 89 84 39 28
36 33 44 46 40 31 24 22 22 19 12 10 13 15 15 16 16 19 20 30 30 27 32 32 26 28 24 19 17 14 9 9 9 5 7 7 7 6 5 6 6 10 8 5 7 15 16 7 7 7 13 9 5 7 5 4 3 2 1 1 1 0 0 4 7 9 12 8 11 12 12 20 27 33 50 51 85 73 72 133 136 171 317 395 497 499 497 423 347 370 261 145 94 79 42 29
44 50 53 56 44 46 31 31 19 17 10 13 14 14 14 16 18 17 20 22 28 32 25 28 29 30 33 26 15 18 10 9 9 9 4 3 6 6 4 5 6 9 8 8 12 13 10 11 10 11 9 7 6 8 6 4 2 1 1 0 1 1 1 3 6 6 7 6 8 9 9 18 23 32 50 50 70 71 80 148 144 209 272 323 457 580 530 425 347 369 292 197 124 82 56 34
45 57 56 61 67 55 48 31 28 19 19 14 15 17 14 18 17 14 19 26 27 23 17 23 31 32 29 24 28 19 15 14 13 9 6 6 3 2 4 5 11 11 10 14 14 17 12 14 11 10 10 9 6 7 5 4 3 2 1 0 0 0 1 2 3 5 5 4 5 4 9 12 11 26 35 44 77 79 90 97 106 203 202 296 402 473 541 467 407 309 267 200 123 69 43 40
48 53 66 75 65 73 61 55 30 34 23 25 18 17 17 21 21 20 22 25 23 18 19 27 22 28 28 31 25 20 16 13 12 11 10 5 3 1 2 4 7 10 13 17 16 13 13 16 11 13 14 11 13 7 5 4 2 2 1 1 0 0 0 1 2 3 3 2 3 4 6 7 14 19 25 42 56 74 112 98 131 136 149 230 311 384 473 475 443 399 296 222 154 96 66 45
54 53 64 68 75 83 96 60 58 40 40 27 22 17 23 25 21 24 26 19 22 21 25 21 23 22 28 29 25 15 20 17 13 13 9 5 2 4 2 1 4 10 16 17 18 18 14 16 18 13 11 12 10 6 5 4 4 2 1 0 1 0 0 0 1 1 2 3 1 2 3 6 10 16 22 25 43 61 80 100 110 109 120 158 210 286 358 340 333 395 309 277 191 98 82 42
57 63 73 70 86 98 80 57 63 60 39 39 20 22 24 23 25 22 23 21 20 17 28 26 24 21 25 26 26 25 17 16 16 11 9 4 4 2 2 3 6 9 16 18 17 17 14 17 19 15 12 14 7 6 4 5 4 2 1 1 0 1 0 0 0 0 1 1 1 1 1 2 7 11 16 19 22 44 56 61 117 118 137 162 185 190 220 233 258 284 276 253 202 148 97 49
60 65 78 89 98 99 79 100 66 65 42 37 37 23 25 26 22 29 27 26 17 19 21 23 28 28 28 30 24 25 27 18 17 12 6 5 4 2 3 2 7 8 12 15 18 12 12 19 16 15 18 11 7 8 7 5 2 3 2 2 1 0 0 0 0 0 0 0 1 1 2 2 2 7 11 15 16 32 42 60 73 102 133 150 182 168 205 250 236 274 247 229 146 153 109 65
60 77 79 93 115 107 117 113 99 76 74 36 38 32 25 28 28 26 26 20 17 21 22 23 26 34 31 28 36 25 27 23 12 10 9 5 4 3 6 8 10 14 15 17 12 20 17 17 20 17 20 13 12 7 7 5 4 2 3 3 1 0 0 0 0 0 0 0 0 1 1 1 1 2 7 11 18 26 31 49 42 67 124 158 270 188 190 231 226 209 237 177 159 118 105 54
59 83 83 99 130 123 149 150 110 105 90 73 36 39 36 29 23 26 22 17 19 24 21 18 21 26 24 36 36 39 43 28 22 18 11 3 4 5 8 11 14 14 19 12 14 17 14 23 18 18 10 11 12 13 7 5 4 3 2 3 2 1 1 0 0 0 0 0 0 0 1 0 1 1 1 8 13 20 29 44 58 81 104 157 208 198 183 198 225 248 217 203 181 159 115 80
69 83 85 106 132 142 149 162 117 119 138 102 77 40 29 25 19 20 19 21 23 24 21 19 22 20 22 25 36 43 40 34 24 24 14 5 7 8 11 12 16 23 12 11 13 11 16 13 14 13 11 11 13 15 10 9 4 3 3 3 1 1 1 0 0 0 0 0 0 0 0 0 0 0 0 5 10 9 24 30 44 70 91 132 203 224 274 256 238 335 344 267 195 163 127 105
65 76 89 102 113 142 154 174 202 156 152 143 108 73 47 28 23 20 19 19 21 18 21 24 21 19 22 21 35 32 29 26 27 20 17 12 8 8 8 13 13 12 11 13 13 15 12 12 10 7 10 11 8 9 11 8 7 5 3 1 1 1 1 0 0 0 0 0 0 0 0 0 0 0 0 3 6 11 19 27 33 56 92 125 170 199 271 266 260 342 365 323 260 214 173 141
67 87 82 106 111 164 181 243 230 255 191 211 118 99 63 20 26 22 18 19 16 20 23 20 20 22 23 26 28 26 36 29 43 30 17 12 12 8 12 17 15 14 12 11 11 13 9 10 6 7 5 7 7 6 5 9 6 3 2 1 0 0 0 0 0 0 0 0 0 0 0 0 1 0 0 1 0 8 15 25 36 54 65 112 123 153 290 335 389 392 337 356 301 312 188 141
47 58 77 87 138 177 198 275 274 339 338 256 204 81 96 64 26 24 18 19 19 21 20 27 20 25 26 33 42 36 35 34 30 33 22 12 14 15 17 11 13 11 10 13 14 12 8 7 9 5 7 6 3 3 5 4 5 2 2 1 0 0 0 0 0 0 0 0 0 0 0 0 0 0 0 0 0 0 11 21 34 48 60 91 95 168 186 229 313 367 383 407 315 254 204 170
24 37 41 81 117 141 169 220 260 294 321 410 257 201 140 95 43 37 20 19 17 18 26 26 27 28 29 36 55 52 28 39 57 34 18 14 16 13 11 12 18 18 14 13 15 16 7 8 9 11 6 5 6 5 4 3 3 2 1 0 0 0 0 0 0 0 0 0 0 0 0 0 0 0 0 0 0 0 1 17 30 44 69 96 123 141 143 176 255 308 352 391 363 284 264 199
25 42 35 63 92 80 118 141 159 178 219 254 371 272 189 125 76 43 21 23 17 20 23 23 46 43 48 56 64 68 68 67 61 41 14 18 18 11 13 15 18 16 14 15 14 16 14 10 11 10 10 6 5 7 5 3 2 2 1 0 0 0 0 0 0 0 0 0 0 0 0 0 0 0 0 0 0 0 0 14 24 38 59 84 95 155 144 251 185 212 318 302 331 319 276 155
27 37 42 50 53 48 85 60 64 57 56 181 222 251 238 139 81 41 23 22 20 18 18 27 28 42 50 57 98 81 98 112 69 43 28 19 23 17 16 19 22 20 15 21 20 16 19 16 18 10 12 10 6 5 6 5 2 1 1 1 0 0 0 0 0 0 0 0 0 0 0 0 0 0 0 0 0 0 0 13 23 28 44 65 92 102 139 196 166 199 267 288 327 286 261 182
40 45 55 48 39 55 59 56 54 72 64 103 161 186 160 116 74 36 31 22 19 21 18 19 21 27 30 59 60 61 102 69 59 46 26 22 20 14 16 22 20 18 18 18 20 19 15 20 20 19 11 11 11 9 5 5 4 2 0 0 0 0 0 0 0 0 0 0 0 0 0 0 0 0 0 0 0 0 0 20 26 29 24 43 77 110 143 160 200 178 204 212 289 259 277 242
32 62 63 55 40 52 47 49 56 53 76 81 98 109 101 79 54 37 24 20 21 19 19 23 27 23 30 51 58 65 69 67 45 41 22 21 21 16 24 21 18 18 20 21 22 18 19 18 25 23 20 13 13 10 10 5 5 3 2 0 0 0 0 0 0 0 0 0 0 0 0 0 0 0 0 0 0 0 14 20 39 36 27 39 60 83 110 156 106 150 155 172 204 210 255 139
36 39 41 38 37 40 36 39 52 55 60 39 43 63 58 32 36 23 22 18 21 21 23 29 33 39 45 38 60 76 67 58 49 38 33 22 21 25 21 23 23 24 20 28 26 20 20 23 31 22 20 21 13 9 11 11 5 4 3 2 0 0 0 0 0 0 0 0 0 0 0 0 0 0 0 0 0 0 8 19 29 48 53 47 28 45 84 88 79 100 103 111 125 145 146 133
27 24 18 25 28 34 33 34 34 44 40 54 42 32 23 20 24 16 18 22 22 21 29 37 44 61 60 53 68 91 56 55 55 33 32 28 25 28 25 23 24 29 33 26 31 33 25 32 36 31 24 26 20 19 10 11 8 3 4 3 2 1 0 0 0 0 0 0 0 0 0 0 0 0 0 0 0 0 1 13 24 35 45 57 40 50 57 61 66 49 60 43 47 90 106 111
28 27 25 22 21 32 40 36 33 30 28 34 38 34 39 28 23 18 17 19 25 28 30 48 49 42 52 56 82 80 73 61 54 49 30 31 28 25 28 30 29 34 39 40 30 31 37 37 32 32 31 24 26 22 21 12 11 8 6 4 2 1 1 0 0 0 0 0 0 0 0 0 0 0 0 0 0 0 0 8 15 23 34 37 42 48 29 43 40 38 36 31 41 55 68 78
27 31 25 31 26 38 31 34 31 34 32 25 35 42 44 48 27 24 19 20 24 29 28 48 59 80 80 57 66 74 58 54 50 46 50 30 37 37 30 43 41 52 40 35 40 32 43 43 32 34 38 33 30 25 24 23 12 11 9 6 1 1 1 1 0 0 0 0 0 0 0 0 1 0 0 0 0 0 0 0 9 0 17 24 28 28 28 22 24 22 20 21 26 35 42 39
31 22 32 30 40 31 40 35 33 29 34 32 36 44 46 46 30 29 27 24 29 37 40 51 52 43 46 57 56 53 56 65 65 50 55 59 37 38 48 42 52 78 70 40 46 45 42 53 47 40 30 38 41 25 30 22 22 14 9 8 5 1 2 0 0 0 0 0 0 1 1 2 2 1 1 0 0 0 0 0 0 0 1 11 14 15 14 13 13 11 12 2 14 18 22 24
29 21 26 27 28 35 30 35 39 40 39 47 42 47 48 48 43 34 44 46 48 55 48 61 65 48 47 48 53 44 49 67 66 69 82 79 78 48 73 78 78 70 84 68 44 43 43 43 36 42 43 37 41 31 35 25 25 21 17 9 8 6 4 0 0 0 0 0 1 2 2 3 3 2 1 1 0 0 0 0 0 0 0 0 0 0 1 5 0 4 1 1 1 7 0 11
28 21 21 28 22 25 31 39 39 46 48 48 67 61 61 76 46 49 57 58 68 57 47 53 49 46 46 47 47 48 43 46 71 84 91 120 100 100 78 119 118 84 88 89 63 43 34 39 41 48 47 51 32 31 38 48 33 24 21 18 11 9 6 4 0 0 0 0 0 0 3 4 4 4 2 2 1 0 0 0 0 0 0 0 0 0 0 0 0 0 0 0 1 0 0 3
33 34 28 27 26 31 35 41 42 47 54 61 67 93 81 75 67 80 81 57 77 67 47 51 35 40 33 39 48 34 47 50 51 94 110 111 119 137 160 121 99 111 88 61 65 73 40 55 50 51 48 44 41 36 36 45 34 29 26 23 19 10 10 7 4 1 0 0 0 2 3 6 7 6 5 4 3 1 1 1 0 0 0 0 0 0 0 0 0 0 0 0 0 0 0 0
31 32 30 32 37 38 40 41 40 45 56 55 68 90 99 97 99 105 99 91 84 68 53 47 25 33 29 32 40 44 41 52 54 60 112 117 140 160 196 187 111 125 122 66 67 74 65 57 47 44 49 50 48 53 43 44 36 34 27 33 25 20 11 10 7 4 2 0 1 2 4 7 9 9 9 7 6 4 2 2 0 1 0 1 0 0 0 0 0 0 0 0 0 0 0 0
39 32 33 35 42 35 42 42 45 46 49 47 54 67 106 116 100 119 127 76 77 55 35 27 25 24 26 23 41 33 36 36 61 72 83 143 135 168 187 165 194 123 67 87 72 63 88 72 41 44 42 55 48 49 44 31 30 29 43 37 28 27 22 9 10 7 4 3 0 2 4 4 6 8 9 10 9 9 7 4 3 1 0 0 0 0 0 0 1 3 1 0 0 0 0 0
41 37 33 34 38 42 37 42 42 40 45 53 69 84 95 97 97 98 114 81 63 40 22 20 22 23 22 23 22 23 29 37 56 68 85 87 166 155 166 196 208 150 84 111 108 87 96 71 84 42 47 43 50 45 33 36 40 53 55 50 34 43 31 22 15 5 7 4 3 2 3 2 4 5 8 12 17 14 11 7 5 3 0 0 0 2 2 1 3 3 3 1 0 0 0 0
53 58 40 48 40 40 43 43 49 43 58 73 89 98 105 86 107 75 94 65 56 35 24 23 16 18 18 21 20 19 34 29 35 66 74 101 94 178 173 177 200 163 158 135 143 133 108 82 87 77 49 35 46 43 28 38 47 68 71 63 61 55 40 26 22 16 6 7 4 3 2 2 2 2 6 10 14 21 15 9 7 4 2 1 2 4 4 3 3 6 5 4 2 0 0 0
