angewandte_geodatenverarbeitung/datasource/RW_20160529-1650.asc
ncols         900
nrows         900
xllcorner     -523462
yllcorner     -4658645
cellsize      1000
NODATA_value  -1
[rows 740 to 813 of 900, columns 480 to 575 of 900]
21 17 19 21 28 35 43 47 58 59 63 56 52 49 49 43 34 20 23 26 43 51 56 81 92 95 82 83 100 108 106 125 146 161 214 326 311 359 255 271 297 313 298 230 200 137 185 198 171 193 224 269 257 290 281 146 181 199 224 200 136 177 165 158 205 220 181 178 139 129 118 134 188 130 110 130 104 94 102 109 129 144 92 71 65 66 57 51 63 41 63 59 47 34 22 23
21 21 21 26 29 43 45 54 50 56 63 52 43 44 46 34 30 28 42 41 50 53 62 97 128 121 87 93 109 132 141 174 193 184 294 354 299 320 265 274 311 348 289 231 220 174 179 197 163 192 204 213 188 189 159 143 165 165 209 242 172 189 178 205 172 170 175 141 130 114 146 137 136 153 138 143 127 117 122 132 154 154 109 112 95 115 89 47 64 76 57 55 46 37 21 27
25 24 25 26 29 31 41 48 48 60 49 50 58 58 44 33 36 45 43 44 49 69 78 96 148 118 111 154 168 141 156 167 233 307 370 391 378 342 250 299 301 266 274 253 245 290 251 232 228 277 280 228 168 165 179 223 223 206 171 172 144 135 157 160 146 166 142 151 167 150 148 130 126 201 160 115 184 151 138 140 177 146 120 140 170 179 126 68 67 62 56 41 39 37 23 36
21 25 24 25 26 29 30 36 43 45 46 55 66 58 52 43 43 51 62 74 89 99 125 145 147 126 145 140 249 189 183 208 254 339 373 488 341 285 236 303 261 252 233 268 283 326 310 275 253 282 271 253 193 220 206 194 200 184 184 145 144 159 142 126 142 141 141 158 148 141 142 173 198 211 151 149 188 170 173 158 184 183 174 165 248 231 149 132 118 92 59 30 27 26 33 37
20 18 19 19 20 21 26 25 32 35 41 46 58 51 56 56 65 62 79 108 101 133 142 147 212 196 223 185 294 161 169 185 289 294 385 503 402 431 309 242 262 275 235 246 282 256 276 340 309 276 247 229 229 236 201 227 178 167 177 174 175 140 121 123 139 145 157 153 135 146 173 176 162 181 246 257 219 229 240 236 230 219 217 214 182 135 158 162 115 99 52 35 37 32 36 50
21 19 21 18 18 20 23 26 28 39 39 52 46 51 61 60 66 77 97 102 123 151 168 191 157 190 185 176 206 159 174 229 312 426 498 592 563 371 256 257 283 284 264 308 289 297 348 287 299 249 259 241 235 177 189 170 170 193 183 155 141 110 142 124 173 174 200 170 157 158 155 170 190 207 232 209 213 251 224 255 269 375 315 277 198 182 174 126 88 109 79 63 44 27 40 41
22 20 18 16 19 17 25 25 26 28 34 37 43 42 46 57 64 71 89 101 131 132 144 136 142 148 139 217 228 154 219 239 273 477 561 518 411 338 289 271 334 280 278 306 321 294 270 320 250 210 203 268 186 179 217 235 184 206 224 198 140 127 128 124 148 123 145 189 170 166 138 120 128 173 208 240 205 262 259 262 314 364 319 360 270 216 165 90 81 96 94 85 57 47 53 41
21 18 17 16 17 17 22 22 23 30 30 37 34 47 45 51 65 75 94 110 121 123 144 140 126 131 106 136 166 152 190 275 377 465 456 451 329 246 214 271 276 257 254 290 282 309 288 265 203 197 215 287 212 272 251 209 239 233 207 187 200 223 168 165 162 143 121 154 157 161 149 155 120 151 148 153 214 215 335 289 259 194 221 306 300 343 251 203 159 113 54 68 76 82 81 76
22 19 15 16 16 16 16 19 18 23 31 31 30 29 35 36 44 54 75 85 91 106 121 100 114 112 116 146 156 181 245 296 388 411 408 293 345 281 293 208 253 180 223 290 266 235 179 218 262 282 242 215 252 239 219 228 217 231 265 233 269 290 216 176 160 169 138 108 96 122 159 129 173 186 187 183 211 275 241 318 314 286 211 256 200 302 410 283 189 122 82 50 77 60 56 59
24 21 19 16 15 13 15 14 17 19 16 17 18 21 23 32 36 42 50 63 62 66 81 97 92 98 126 134 155 169 245 283 369 416 389 333 330 271 314 310 297 226 214 287 159 166 116 234 315 310 271 247 203 211 176 222 276 164 226 313 283 247 281 170 173 171 148 97 82 129 105 104 126 139 140 116 187 262 236 319 323 330 298 200 261 245 266 324 204 91 80 63 48 38 19 34
25 21 18 16 18 13 15 12 13 15 16 16 18 18 22 21 23 29 33 38 47 54 53 69 72 106 121 147 169 206 280 323 347 395 503 379 277 333 444 326 253 244 241 251 200 173 173 190 216 188 220 183 162 213 198 196 176 258 218 176 161 175 292 270 212 177 167 129 113 83 119 118 104 115 123 136 149 160 169 200 234 206 263 229 337 307 279 257 213 152 86 44 29 33 24 34
25 24 21 18 15 12 12 12 12 11 13 19 19 18 21 21 23 28 29 40 39 47 54 63 76 78 99 129 158 193 192 296 376 455 421 297 344 329 293 270 202 260 215 208 164 156 165 197 158 116 127 160 167 135 243 242 217 172 184 180 225 168 248 203 145 129 152 150 150 101 115 124 109 113 108 89 104 118 142 187 224 245 219 293 322 350 276 277 251 151 73 36 57 33 15 25
31 28 29 23 16 12 10 10 11 13 15 15 16 20 18 22 26 28 36 33 48 51 56 69 69 80 91 106 146 151 190 250 347 351 367 295 359 367 305 237 213 232 172 104 147 69 157 198 180 173 168 165 199 154 120 178 212 224 173 181 202 195 211 161 172 184 170 186 151 120 131 139 90 92 81 85 90 141 147 166 204 221 211 265 306 279 245 234 209 150 71 40 35 30 15 18
46 41 35 32 18 16 16 14 13 16 16 16 21 20 22 29 25 31 36 43 51 48 50 56 67 80 99 101 128 176 238 285 311 405 375 344 321 379 271 268 217 181 193 173 148 154 158 151 153 165 167 190 234 191 151 208 262 254 276 233 219 201 199 183 199 178 205 174 138 132 162 147 132 102 91 101 118 136 171 128 179 222 184 156 216 233 228 262 209 127 92 34 35 14 23 21
53 55 45 38 34 28 20 19 17 13 14 18 20 19 24 26 29 39 40 44 49 59 60 65 63 75 83 115 135 151 178 255 331 445 363 326 326 253 255 206 207 190 189 181 183 170 197 161 150 165 178 305 306 251 255 144 151 145 285 240 187 198 198 200 206 214 189 183 166 159 153 122 122 106 61 67 74 91 91 142 140 181 243 208 214 198 222 227 186 163 105 48 42 33 19 21
75 54 53 50 41 33 28 26 27 24 17 17 18 18 24 25 32 40 47 52 55 61 59 62 68 71 101 93 131 143 187 293 398 459 359 354 243 241 154 164 214 206 179 190 167 207 204 219 181 221 193 208 213 197 291 169 154 150 137 185 181 192 241 205 236 203 187 167 212 166 123 107 124 108 85 89 83 78 82 108 142 152 185 190 251 187 163 228 225 177 125 75 60 35 33 17
69 42 39 32 37 29 39 46 40 34 18 17 18 20 23 23 28 37 44 52 56 57 60 72 76 80 99 114 128 139 211 288 406 391 311 199 291 228 160 164 175 194 189 208 205 195 136 154 184 108 152 146 183 181 209 154 273 219 255 151 108 138 177 178 120 189 187 181 193 185 147 117 111 111 88 95 86 77 60 72 91 143 204 260 212 178 192 253 222 170 148 114 82 54 22 18
58 44 33 28 35 46 45 52 41 35 23 17 16 15 23 30 34 38 49 54 60 68 75 73 83 90 96 111 145 158 202 260 369 338 292 262 242 173 180 184 187 166 170 140 196 139 176 184 186 138 151 143 198 155 142 135 253 259 296 180 170 156 146 138 170 170 168 124 113 101 111 99 94 108 90 80 77 100 80 65 64 111 193 220 246 221 205 247 267 227 194 153 107 61 29 21
53 40 37 39 47 48 41 37 26 28 21 17 18 20 25 29 44 51 52 63 63 72 71 84 89 104 118 118 124 145 186 301 457 298 165 199 180 160 182 214 220 199 193 197 161 186 162 160 92 97 82 154 115 109 168 136 139 182 190 170 196 190 136 116 159 182 238 181 150 164 134 109 121 126 91 94 107 84 98 83 61 123 112 192 221 217 225 210 277 255 175 152 79 66 48 35
53 40 48 50 45 49 31 28 27 27 28 32 20 22 21 27 30 45 55 64 72 78 93 95 111 127 129 135 147 139 203 300 334 323 225 283 184 170 172 206 194 147 221 174 173 155 183 142 87 73 79 100 97 96 87 95 94 183 201 224 187 194 106 139 143 176 201 183 190 170 173 114 119 112 99 93 79 81 87 91 103 112 132 165 206 241 237 259 221 167 163 111 80 71 59 42
59 55 61 74 73 48 41 34 27 30 33 38 38 30 27 26 33 35 45 60 62 78 97 117 118 145 167 141 160 181 212 272 282 272 272 145 170 179 191 175 140 171 160 150 151 150 118 94 88 74 72 85 95 126 132 93 106 155 134 180 174 144 135 160 141 139 190 254 244 209 203 177 121 94 134 122 86 94 125 115 94 94 121 131 117 158 205 264 217 163 148 110 91 82 60 68
58 60 67 70 58 44 44 29 28 28 26 32 32 42 29 34 29 28 37 47 59 54 65 82 100 115 141 165 185 203 243 297 337 267 131 137 162 156 168 163 139 150 141 89 124 155 76 73 80 68 75 106 114 95 81 86 111 127 187 147 118 149 153 141 142 131 133 193 250 232 154 107 117 126 105 102 118 63 105 139 89 101 109 117 115 159 188 168 234 171 128 118 113 100 62 55
71 73 71 67 56 43 35 32 29 26 25 26 34 35 33 35 29 27 31 38 50 54 59 78 82 105 111 135 140 179 248 301 432 255 137 140 136 186 171 147 139 148 99 128 103 81 75 80 79 79 90 98 110 87 111 118 104 135 136 117 140 178 224 156 149 120 122 159 186 213 192 136 120 93 100 113 128 70 76 116 116 135 96 58 79 91 160 172 168 189 158 139 99 96 70 71
78 76 65 58 56 47 37 38 29 28 24 25 28 33 39 43 33 31 31 34 45 54 53 68 77 101 108 122 135 166 198 246 295 214 133 111 125 131 111 99 132 132 155 106 92 70 68 82 75 69 75 95 98 114 112 89 86 83 88 117 86 169 187 158 121 146 154 147 170 200 180 166 115 91 127 129 139 114 110 98 110 97 87 56 72 133 88 86 124 146 160 162 117 102 106 81
104 82 75 65 67 61 57 40 31 23 25 27 26 31 41 44 41 35 32 35 42 49 51 64 78 86 106 136 140 169 202 272 215 165 110 109 115 127 125 123 149 122 133 114 81 86 77 75 82 83 76 79 78 89 85 66 76 66 78 107 105 93 103 128 173 178 152 132 124 200 233 201 148 117 126 140 167 120 56 78 84 63 62 74 87 132 102 99 124 127 148 181 114 109 133 84
95 85 80 71 79 55 53 40 35 26 25 23 27 29 37 41 42 44 41 35 43 50 62 65 83 94 96 138 142 196 233 216 183 107 98 127 117 113 133 106 95 134 145 94 90 89 85 71 85 71 70 74 67 60 53 47 56 61 52 59 82 104 111 108 137 144 154 134 133 120 182 195 178 137 111 88 143 130 101 68 82 49 74 63 99 105 124 133 153 173 143 122 119 101 93 85
81 78 77 86 90 74 50 40 34 29 30 27 31 33 40 40 48 50 50 50 53 57 71 74 87 102 122 156 177 201 203 191 115 104 114 101 124 131 127 94 81 74 77 71 79 75 95 88 75 68 69 57 69 57 58 51 48 49 43 49 60 108 133 201 144 169 224 143 126 108 129 123 137 147 149 107 137 180 139 119 61 67 42 48 60 89 102 116 154 153 104 80 68 85 112 95
81 75 78 83 78 67 57 48 34 34 38 30 31 34 33 39 55 58 59 58 59 62 68 72 81 104 124 134 144 142 126 104 103 107 107 112 104 117 103 89 71 83 81 75 77 79 69 68 57 59 71 60 57 60 60 69 44 42 46 48 59 95 102 121 144 159 109 119 183 147 131 110 106 120 108 114 115 174 195 120 83 67 86 70 43 61 54 91 115 110 82 88 113 87 121 88
73 71 80 76 77 66 60 48 43 36 40 33 32 34 34 44 47 56 64 62 72 80 90 92 96 105 109 95 83 91 95 92 93 99 104 112 100 92 101 87 90 88 57 72 67 69 72 70 63 67 56 61 65 70 69 62 47 44 49 50 49 51 79 96 142 87 129 118 128 161 154 111 127 112 108 68 92 117 123 128 90 100 110 95 83 61 64 95 96 87 68 92 105 99 111 71
68 79 81 72 66 58 66 60 45 39 37 41 47 39 41 39 47 47 57 66 70 65 74 71 92 76 73 69 71 75 77 80 91 98 92 102 109 104 99 87 81 63 75 64 64 66 65 62 65 55 64 66 62 66 69 66 56 48 48 44 51 56 67 72 74 79 93 124 123 117 121 104 98 126 103 75 68 129 158 111 99 126 165 118 82 83 64 61 65 68 60 61 64 92 86 71
69 74 72 65 66 55 63 53 41 40 44 47 54 54 52 47 58 50 55 51 55 55 55 63 61 58 67 70 77 75 83 82 90 90 92 109 96 106 89 77 84 68 69 67 70 69 82 69 65 66 68 74 61 67 58 60 53 46 43 44 44 49 48 51 67 80 95 115 144 152 130 145 94 100 93 83 92 108 116 113 109 102 101 84 86 109 59 68 57 70 65 61 48 59 60 83
58 58 56 54 62 57 54 39 42 45 47 59 77 76 63 53 55 53 55 50 53 53 64 60 64 63 65 70 88 90 82 102 110 101 85 83 101 93 83 89 69 77 78 74 77 75 73 64 69 63 74 67 58 69 64 61 56 49 50 45 40 52 49 58 64 87 76 94 95 128 163 169 149 149 119 88 54 92 106 97 85 86 50 69 64 67 65 85 82 69 88 81 93 86 68 114
47 41 49 47 52 47 37 44 45 47 57 66 103 71 67 56 60 59 60 61 58 62 66 72 78 87 91 83 93 91 90 85 93 87 104 92 89 82 86 116 83 91 74 79 82 62 52 59 61 59 61 72 70 65 58 61 59 50 46 43 52 49 47 52 60 66 81 80 92 102 129 158 112 103 108 88 49 52 96 110 80 75 54 39 35 51 56 68 71 82 120 132 122 119 79 108
38 37 38 40 50 48 45 56 57 59 63 72 95 88 70 69 63 58 59 59 65 69 69 75 77 89 102 111 95 116 109 100 98 90 79 89 87 92 85 95 90 81 81 63 87 48 51 49 56 59 61 68 72 70 72 64 67 58 51 44 48 55 49 50 52 61 77 78 77 67 87 118 84 102 120 88 57 73 78 108 73 62 50 39 31 43 60 62 79 89 144 120 160 122 126 127
29 32 35 38 50 47 50 57 62 67 69 82 88 78 69 68 66 59 64 62 62 70 72 78 83 85 83 86 101 129 110 94 90 84 81 78 76 89 84 80 92 102 85 76 61 55 53 50 45 53 66 67 66 63 65 63 64 58 61 52 52 57 46 49 56 69 61 74 70 81 87 100 115 106 102 85 69 65 74 69 68 56 36 35 47 46 43 58 81 97 178 185 195 172 175 157
28 39 43 44 50 43 52 56 69 80 73 64 73 78 79 71 70 67 68 61 71 77 73 72 75 74 69 79 92 113 109 105 92 77 75 73 88 103 102 88 92 72 71 55 58 51 57 48 57 60 67 65 66 64 60 55 61 56 52 49 53 47 43 54 54 53 60 73 66 85 67 93 111 112 122 109 88 44 38 39 36 43 38 38 53 58 62 69 105 127 167 194 276 186 174 171
32 35 41 45 41 40 41 62 76 72 59 62 66 58 61 61 68 72 63 65 68 79 70 59 64 55 52 70 70 84 81 75 78 69 71 83 101 125 69 62 60 66 58 53 56 58 44 54 69 72 78 68 63 57 54 62 63 50 48 49 39 46 45 54 57 51 57 58 52 72 67 71 76 84 81 71 57 46 26 38 30 40 44 52 48 65 67 72 87 116 130 174 234 199 137 142
27 31 31 29 33 34 44 53 66 50 63 63 56 52 51 52 58 60 66 66 70 77 81 61 64 61 57 63 64 62 65 70 71 61 56 70 70 66 61 64 58 64 59 55 56 50 59 68 68 65 61 64 59 46 47 54 64 61 50 58 50 39 51 45 48 38 45 51 59 63 55 86 53 58 50 39 24 33 27 36 35 41 48 51 61 60 68 91 92 95 125 182 238 222 136 160
32 27 31 32 32 40 38 41 48 53 57 65 59 56 51 47 56 62 60 69 68 69 64 72 66 59 62 55 56 59 55 60 58 59 56 59 58 76 59 67 68 53 55 54 58 64 69 65 66 63 64 62 59 52 51 57 57 62 60 55 47 39 34 42 47 36 45 47 49 44 42 58 54 39 26 24 28 22 27 30 42 52 53 53 58 73 72 87 100 147 143 190 243 239 148 154
30 34 39 44 34 33 34 42 50 57 58 81 69 62 64 54 48 51 60 65 70 72 68 68 59 60 54 57 54 50 61 47 48 56 67 68 71 86 68 66 55 55 49 57 58 61 70 63 63 65 63 62 56 51 59 47 57 53 50 50 49 40 46 43 36 36 39 39 43 42 41 65 59 42 32 20 20 22 35 41 43 42 49 58 58 54 69 83 96 99 129 170 221 207 218 183
28 28 32 36 37 35 38 51 53 63 56 67 73 61 62 57 67 63 55 68 68 65 75 62 56 50 47 50 53 57 60 61 56 65 67 76 81 82 63 60 56 55 61 69 60 67 69 62 67 64 60 54 64 59 53 47 54 57 52 46 50 35 37 34 33 27 39 36 47 48 38 32 39 48 28 21 17 19 24 36 44 48 53 50 61 60 61 71 101 88 115 158 184 168 190 151
30 30 32 39 43 39 43 57 59 58 56 62 59 53 48 53 65 60 57 57 72 58 60 57 57 51 54 46 50 58 67 70 68 74 78 86 71 66 61 56 57 62 64 66 64 66 63 62 59 60 55 59 61 59 55 55 55 49 47 53 45 30 31 29 29 28 33 36 46 37 50 31 31 47 40 26 17 14 18 34 37 46 55 68 66 63 70 68 82 84 90 95 146 154 164 191
27 37 37 34 42 36 46 60 52 60 54 57 60 44 44 53 56 61 68 61 63 64 54 63 59 62 56 55 62 62 62 69 73 65 66 66 71 67 59 60 58 62 64 65 57 54 58 53 58 58 54 59 62 59 61 52 52 57 53 43 41 35 30 28 30 27 35 32 31 47 38 35 28 31 33 27 27 23 18 20 32 50 53 61 66 73 75 74 80 93 83 89 127 173 173 184
36 42 39 38 41 51 58 57 60 53 55 52 67 55 42 49 55 59 57 57 58 58 56 52 59 53 53 55 64 58 65 69 61 65 64 65 65 53 56 58 58 57 65 62 63 52 56 57 58 55 58 66 68 65 60 55 45 53 54 42 31 37 33 29 25 26 34 32 31 37 36 32 30 31 30 28 23 23 18 28 37 46 57 58 61 85 78 85 95 108 105 126 143 138 175 186
38 52 54 50 48 47 56 52 65 57 61 67 74 53 48 50 54 54 48 42 47 47 44 44 46 55 56 55 58 58 64 67 62 56 67 53 52 51 56 63 67 61 57 57 51 56 49 54 61 50 59 54 60 58 54 49 44 44 45 40 38 40 38 31 26 24 29 31 34 24 25 33 28 22 26 22 23 22 27 27 32 41 51 61 65 79 83 87 94 89 118 148 149 107 162 168
44 54 47 53 48 47 62 63 63 63 61 61 68 59 55 55 51 46 43 38 48 43 37 41 46 58 57 54 55 58 62 63 55 54 50 49 53 55 61 61 59 54 59 60 59 54 51 56 51 48 54 56 56 51 47 50 45 47 46 41 38 42 37 30 29 21 19 24 31 27 27 28 26 34 26 22 25 25 30 32 30 40 42 63 67 72 91 96 103 113 132 138 123 147 106 134
47 49 50 58 59 61 66 60 61 55 54 64 63 70 59 64 54 54 54 46 56 46 39 41 42 40 56 48 53 48 61 57 56 53 51 58 52 58 54 53 59 56 53 50 55 46 57 56 42 45 50 47 56 53 51 49 48 37 34 31 34 39 28 27 29 25 19 22 26 21 20 21 26 24 33 23 22 20 21 31 43 39 41 45 75 81 87 89 96 130 147 160 168 208 174 141
47 54 51 53 53 60 57 61 56 69 74 65 62 72 63 66 61 60 52 51 46 47 43 46 50 47 47 47 52 55 56 51 44 47 57 55 54 62 58 60 53 55 50 50 53 50 51 49 44 48 49 47 56 50 45 43 45 33 33 28 31 26 23 27 29 26 26 21 23 25 22 21 20 26 30 24 25 23 22 31 40 48 45 49 59 63 93 89 114 139 137 196 255 219 179 141
52 44 55 54 50 64 54 60 51 66 71 67 70 68 68 64 63 60 55 52 54 49 43 44 47 45 43 44 48 51 51 45 49 45 50 54 61 59 58 60 56 54 56 51 58 50 51 46 45 49 52 50 51 50 47 45 41 40 33 30 33 34 28 31 30 27 28 20 20 24 21 24 25 24 29 33 30 31 27 26 45 41 50 43 61 58 67 93 125 135 155 172 228 301 220 148
48 55 57 48 53 58 56 57 50 56 59 68 61 72 62 62 65 64 57 67 64 57 59 53 54 43 44 43 45 49 47 45 56 57 64 63 59 62 65 54 52 56 49 51 50 53 47 47 42 38 49 44 49 45 42 47 36 31 34 30 32 30 28 29 35 25 23 26 24 27 27 20 22 22 26 29 27 30 29 28 42 49 60 74 68 65 79 111 103 122 143 170 191 207 220 200
44 56 58 52 44 45 51 51 50 52 57 66 63 66 64 65 62 66 70 66 67 61 59 56 54 52 46 46 45 43 43 52 56 61 61 64 56 61 56 55 53 56 53 45 41 50 44 48 43 37 41 39 43 41 38 33 31 30 29 28 34 29 33 27 29 25 25 21 25 28 25 25 26 24 24 35 37 32 37 36 39 38 53 78 69 78 90 110 89 150 172 166 178 139 188 282
41 52 54 58 56 46 42 46 55 50 52 53 53 60 61 64 62 68 68 67 61 64 61 60 63 53 52 48 42 47 48 49 47 57 59 56 61 57 54 54 59 53 53 45 42 42 38 43 43 41 39 42 40 37 33 32 29 31 29 27 29 30 27 32 24 22 23 26 29 27 37 34 32 27 30 30 38 35 32 32 36 42 51 49 65 95 106 121 120 131 173 174 160 199 193 254
40 49 45 58 45 49 40 46 46 48 50 58 55 56 58 64 58 62 62 63 66 62 59 61 56 63 58 54 59 62 56 59 56 62 64 59 58 57 56 55 50 47 45 44 43 43 40 41 40 42 33 34 35 33 32 31 28 31 31 24 25 26 28 23 23 22 24 26 34 28 26 29 26 27 35 30 31 37 45 35 37 42 61 58 48 60 109 106 99 122 183 221 190 218 244 263
39 45 51 43 46 44 48 46 51 56 50 44 43 50 60 53 64 65 59 62 67 63 67 60 58 58 55 58 55 60 58 59 57 58 62 54 57 51 51 51 49 46 45 34 37 35 39 41 36 41 38 35 33 32 28 30 25 24 21 28 20 29 27 24 22 26 26 24 29 32 29 32 38 38 41 35 35 32 36 40 43 37 43 52 51 68 58 98 103 108 145 194 243 188 242 185
41 46 52 55 56 48 47 45 51 53 49 44 48 49 53 53 59 60 61 63 62 61 59 57 56 55 50 54 57 57 53 50 53 57 59 52 47 41 49 41 43 44 42 39 44 43 37 34 33 31 34 28 27 24 23 28 25 22 21 28 27 30 15 26 22 25 21 23 25 27 35 30 27 33 26 32 35 34 37 43 40 39 35 49 57 62 68 73 92 120 111 182 235 247 227 206
33 43 44 47 43 44 50 53 51 54 45 45 46 44 55 55 55 51 61 58 58 61 62 60 56 57 55 52 54 53 50 51 51 46 49 47 51 46 45 39 41 39 41 37 31 35 34 32 31 27 27 24 23 21 23 24 26 22 20 22 26 25 25 26 24 26 23 27 24 26 29 30 18 30 30 31 33 35 34 38 43 36 35 34 38 48 60 68 83 77 126 132 165 227 268 254
33 44 43 49 46 46 40 47 38 47 45 40 44 45 56 51 48 51 54 55 58 63 62 61 58 54 53 54 58 51 47 45 47 46 47 49 50 40 40 40 39 40 38 35 35 35 31 32 31 26 25 20 19 18 19 20 20 20 23 23 24 25 28 26 30 32 30 32 24 29 26 28 24 23 25 31 39 34 29 34 34 30 33 31 41 42 37 57 61 72 71 97 170 192 258 298
26 40 36 43 46 38 41 43 37 46 44 41 44 50 35 39 41 48 46 49 56 53 59 61 55 53 45 50 53 51 53 48 43 40 36 40 36 34 34 32 37 36 34 38 33 34 30 33 27 27 26 22 20 20 20 14 17 19 18 20 22 25 24 25 25 30 27 26 28 32 28 25 22 12 15 30 37 34 33 31 30 33 28 28 29 41 40 57 61 81 72 85 98 153 175 219
27 35 41 45 46 47 43 44 35 37 39 42 40 37 39 35 38 47 49 45 56 62 59 58 53 49 49 52 46 50 48 48 45 43 40 37 32 32 34 34 34 37 35 35 28 32 30 28 25 25 22 21 21 21 20 17 18 19 13 15 22 20 23 24 26 29 29 33 37 30 29 25 25 20 25 31 34 36 35 29 32 34 26 29 28 29 34 41 66 59 77 93 91 115 152 215
35 34 36 46 45 38 30 35 36 40 43 43 41 39 38 35 44 28 31 30 35 38 42 44 45 45 45 47 44 48 45 44 41 43 39 34 35 30 33 30 29 29 29 30 22 26 24 26 27 22 19 21 20 21 20 24 22 21 17 19 17 20 19 21 21 24 26 26 33 30 32 35 35 24 30 36 34 29 32 30 29 31 32 30 30 26 35 37 56 61 68 72 84 106 119 182
26 32 36 40 45 38 29 34 33 27 29 28 27 31 31 27 30 28 29 29 36 39 42 40 42 41 40 45 46 41 44 45 44 45 40 38 38 32 31 27 28 28 29 29 27 23 24 26 20 24 21 22 25 20 21 26 23 19 15 18 15 21 17 20 20 28 25 26 27 36 31 38 40 28 23 34 37 36 30 29 29 33 35 39 30 28 37 30 33 46 62 74 68 93 105 114
30 24 28 31 33 26 20 22 20 34 27 26 25 29 28 27 28 25 29 29 30 28 29 31 31 35 36 39 37 39 41 42 41 42 39 36 37 33 31 29 34 28 28 30 21 25 24 20 27 22 19 21 20 21 22 21 19 16 15 17 18 24 22 20 29 20 23 27 33 34 35 40 38 36 29 37 36 40 31 28 24 29 34 28 26 26 40 29 28 46 57 75 79 106 112 133
22 31 33 34 37 29 22 24 23 33 29 26 23 20 26 21 17 18 22 20 27 26 28 29 26 31 30 39 37 39 39 40 38 37 43 39 32 32 32 39 35 30 32 26 30 24 26 21 19 21 21 22 23 22 22 24 18 4 15 16 21 19 25 25 23 27 23 25 33 34 35 39 34 41 38 37 35 29 31 36 20 18 25 25 24 25 32 28 28 34 51 55 55 76 92 114
23 22 16 26 25 25 27 22 21 27 27 26 24 22 24 22 16 19 21 20 26 29 28 29 27 31 28 29 29 36 35 33 41 38 30 34 28 30 28 32 30 31 33 35 25 24 20 18 21 20 22 19 28 26 23 23 20 19 19 21 24 23 28 24 26 36 36 37 33 30 37 39 41 35 39 35 31 34 36 28 22 20 27 33 34 26 21 23 24 26 41 48 49 56 76 121
8 14 20 26 25 25 28 23 23 28 30 29 26 24 17 20 18 16 16 20 20 19 23 23 24 28 25 29 29 33 34 33 40 35 31 31 29 31 33 33 33 35 34 35 24 26 20 23 17 19 22 30 25 26 21 20 23 29 27 26 23 27 27 32 36 35 35 31 36 38 38 37 37 37 36 32 28 27 25 20 16 13 19 23 25 21 21 22 21 23 35 46 61 69 83 85
7 11 13 11 11 14 17 21 20 20 22 25 23 20 18 20 18 16 22 20 19 19 20 24 23 26 28 27 30 32 35 38 38 32 36 32 32 34 35 42 43 39 36 37 29 21 16 21 18 30 30 31 25 24 23 23 24 25 24 29 31 30 31 32 38 39 33 40 37 32 30 33 39 42 35 36 32 28 23 24 19 16 17 20 23 24 21 24 20 20 26 38 54 58 72 88
2 1 7 11 12 13 13 13 16 22 21 26 25 26 23 22 20 15 18 15 15 19 20 19 24 23 26 28 26 32 35 34 36 33 36 34 32 36 34 33 43 37 37 39 23 18 15 19 22 20 24 27 27 30 26 23 24 21 31 33 35 38 27 41 39 43 41 40 44 36 41 37 35 34 44 41 40 35 28 26 19 20 20 25 28 29 21 19 25 18 21 44 52 66 66 76
0 1 2 5 3 5 2 4 8 10 13 18 17 17 16 15 14 14 21 16 19 18 21 21 23 23 27 31 27 30 38 41 35 33 32 35 34 36 32 32 39 38 37 29 20 23 22 19 22 23 20 25 27 24 26 26 24 25 33 38 42 32 36 42 41 38 34 33 41 36 35 30 42 40 34 40 37 37 31 25 18 24 19 25 32 35 24 22 26 25 21 34 35 57 57 63
0 0 0 0 3 2 3 3 5 8 15 11 16 19 18 18 14 16 20 18 20 19 21 19 19 18 17 21 22 30 24 36 38 32 33 40 38 30 34 34 32 35 43 29 23 24 24 19 23 24 30 31 23 26 29 24 31 19 30 32 40 37 39 37 36 38 37 39 38 40 26 26 43 42 40 38 38 33 29 24 25 17 19 20 30 28 27 21 22 25 18 33 40 49 64 69
0 0 0 0 0 1 0 0 1 5 7 8 9 9 9 11 10 12 15 16 16 17 18 18 19 18 17 18 21 28 28 33 35 37 28 35 31 28 32 30 33 36 37 28 28 30 21 21 17 16 20 24 21 25 28 22 22 22 28 37 41 42 45 41 37 44 40 34 34 29 28 24 31 36 43 37 41 33 32 24 23 21 21 16 31 38 26 23 21 25 25 25 39 47 52 67
0 0 0 0 0 0 0 0 1 5 6 8 9 10 10 10 9 10 12 13 18 17 19 17 19 18 17 19 20 26 26 31 35 30 32 31 35 33 29 22 26 24 30 22 22 21 14 20 21 21 20 21 20 21 22 23 26 29 31 35 34 43 35 36 37 34 35 32 31 30 26 28 31 37 33 38 31 27 35 29 31 25 22 28 24 30 26 26 25 28 25 22 29 47 58 66
0 0 0 0 0 0 0 0 1 2 4 6 5 5 3 4 4 5 6 7 6 8 10 10 12 14 12 13 12 17 16 21 23 28 28 29 29 26 25 23 24 22 24 22 19 19 23 15 17 16 15 12 18 19 22 20 24 23 26 30 29 40 41 37 41 35 32 31 30 27 22 23 31 36 32 31 29 26 29 29 31 26 22 21 21 28 33 32 29 25 25 28 28 49 60 64
0 0 0 0 0 0 0 0 0 2 3 6 6 5 4 4 4 4 4 5 6 7 10 11 11 9 11 15 14 15 16 19 25 23 27 28 32 26 26 25 19 20 43 24 20 14 18 11 14 15 14 16 19 17 17 15 23 20 21 29 34 46 45 41 43 35 29 30 27 21 18 16 20 22 27 26 26 30 28 29 32 28 20 28 27 34 41 39 31 28 32 25 31 42 52 73
0 0 0 0 0 0 0 0 0 1 2 3 4 3 3 3 3 1 2 2 2 3 3 3 3 3 3 5 5 8 9 11 12 13 17 18 22 19 23 18 19 24 11 14 17 7 10 10 17 12 9 8 9 15 19 17 14 22 16 18 24 28 36 30 32 30 25 21 19 21 19 18 16 21 17 17 18 28 25 32 25 26 26 25 30 39 40 41 34 41 25 21 25 22 48 58
