angewandte_geodatenverarbeitung/datasource/RW_20160529-1650.asc
ncols         900
nrows         900
xllcorner     -523462
yllcorner     -4658645
cellsize      1000
NODATA_value  -1
[rows 740 to 813 of 900, columns 576 to 671 of 900]
46 26 22 19 20 18 12 8 9 12 18 25 31 36 42 41 39 31 28 21 17 11 9 14 25 40 54 47 55 74 93 99 133 144 123 132 97 54 56 32 24 26 17 9 5 4 0 3 3 3 3 3 3 3 3 3 2 3 5 6 5 9 6 7 6 7 6 8 8 7 6 6 6 6 5 6 6 8 8 8 8 8 9 8 8 9 8 8 8 9 9 9 8 7 7 7
27 29 11 22 20 11 9 4 5 6 0 14 19 23 23 23 21 20 16 13 10 8 2 12 21 31 39 47 47 59 77 112 126 141 128 102 83 74 78 39 44 28 14 11 7 4 0 0 0 0 0 2 2 2 2 2 2 3 3 5 5 8 7 9 8 8 9 11 7 9 7 6 6 5 6 6 6 8 8 10 9 11 9 8 8 9 9 9 8 7 8 9 9 8 7 7
46 31 24 17 21 12 6 1 2 0 0 5 9 11 10 0 8 3 6 0 5 4 2 8 14 20 27 32 34 14 61 84 103 116 107 91 43 69 61 49 43 30 19 15 10 6 3 1 0 0 0 0 0 0 0 0 1 2 3 4 6 9 10 11 10 10 11 9 12 9 8 7 6 6 6 6 8 8 7 8 10 11 9 9 9 8 9 8 8 8 8 8 9 8 7 7
57 40 15 26 19 11 0 2 0 0 0 0 2 0 1 0 0 0 0 0 1 1 0 4 6 1 15 20 19 26 39 59 73 79 78 62 54 52 51 51 43 25 25 22 15 9 5 3 1 1 0 0 0 0 0 0 0 0 2 3 5 6 10 12 10 13 12 10 11 11 10 9 8 7 6 6 7 6 8 8 8 10 9 10 9 9 8 8 8 8 7 7 7 8 8 8
62 49 37 29 19 12 2 0 0 0 0 0 0 0 0 0 0 0 0 0 0 0 0 0 1 0 6 9 9 0 21 33 41 47 47 45 40 38 36 34 31 30 36 33 21 11 7 3 2 2 0 0 0 0 0 0 0 0 0 2 3 4 9 11 11 12 11 14 12 11 11 9 9 7 6 6 7 8 9 9 11 8 9 10 10 10 8 8 7 7 7 7 8 7 8 8
73 60 49 25 21 14 7 0 0 0 0 0 0 0 0 0 0 0 0 0 0 0 0 0 0 0 0 0 0 1 0 1 17 1 22 23 22 22 21 8 22 25 27 28 20 15 9 6 4 2 1 1 1 1 0 0 0 0 1 1 2 5 7 9 10 12 10 14 13 10 11 10 11 10 8 9 8 9 9 10 10 11 10 11 10 11 9 9 7 8 7 7 7 8 6 7
79 60 48 39 25 16 9 0 0 0 0 0 0 0 0 0 0 0 0 0 0 0 0 0 0 0 0 0 0 0 1 0 0 5 0 0 0 1 9 11 12 15 17 17 15 11 9 7 4 4 2 1 1 1 1 1 0 0 1 1 1 3 5 5 9 10 14 12 11 15 13 10 9 8 8 8 9 11 11 10 10 10 9 11 12 10 10 9 9 8 7 6 6 6 6 7
70 63 58 34 28 17 11 6 0 0 0 0 0 0 0 0 0 0 0 0 0 0 0 0 0 0 0 0 0 1 1 0 0 0 0 0 0 0 0 5 7 3 4 9 9 4 7 8 7 3 3 2 1 2 2 1 1 1 0 1 2 2 3 5 9 9 10 11 11 11 10 11 11 9 9 10 11 11 10 10 11 11 12 10 12 12 11 9 9 8 7 6 6 6 6 6
67 76 68 40 19 13 14 9 4 1 0 0 0 0 0 0 0 0 0 0 0 0 0 0 0 0 0 0 1 1 0 0 0 0 0 0 0 0 0 0 3 3 4 3 2 3 4 4 4 3 2 2 2 3 3 2 1 2 1 1 2 2 2 4 5 8 9 9 10 11 9 10 9 10 10 8 9 11 12 11 12 11 12 11 12 12 11 9 10 10 8 7 6 6 6 6
64 69 43 36 31 27 19 12 6 3 0 0 0 0 0 0 0 0 0 0 0 0 0 0 0 0 0 0 0 0 0 0 0 0 0 0 1 1 0 0 1 1 3 2 1 1 2 1 2 2 2 2 3 3 2 3 3 3 3 2 3 3 3 3 4 6 7 8 8 8 7 9 8 10 9 9 11 10 11 15 14 11 12 11 11 13 12 10 11 10 8 8 8 6 6 6
53 42 37 34 46 31 21 13 5 3 0 0 0 0 0 0 0 0 0 0 0 0 0 0 0 0 0 0 0 0 0 1 1 0 1 1 1 0 0 1 1 1 2 3 3 2 2 2 1 2 3 3 4 3 3 4 4 4 4 4 3 3 3 2 4 4 5 6 8 7 8 9 8 8 10 9 10 12 13 14 14 12 13 13 12 13 13 12 12 11 9 8 8 7 6 5
32 28 16 27 31 27 19 11 6 2 0 0 0 0 0 0 0 0 0 0 0 0 0 0 0 0 0 0 0 0 0 1 1 1 1 1 1 1 0 1 2 2 2 2 2 2 2 3 2 2 2 3 4 3 2 5 3 4 4 4 2 5 4 3 4 3 3 4 5 6 6 7 6 7 9 11 11 13 13 14 15 14 13 13 14 13 12 13 12 10 9 8 9 8 6 5
18 16 9 18 23 19 12 9 2 1 0 0 0 0 0 0 0 0 0 0 0 0 0 0 0 0 0 0 0 0 0 1 1 1 1 0 1 1 1 1 2 3 4 3 2 1 3 4 2 3 3 2 3 3 3 4 4 6 4 4 4 4 5 5 4 3 4 3 4 4 4 4 6 6 6 9 11 12 14 14 15 14 15 15 14 13 14 13 12 11 9 9 8 7 7 5
18 20 14 19 17 13 9 5 3 1 0 0 0 0 0 0 0 0 0 0 0 0 0 0 0 0 0 0 0 0 0 0 1 0 0 0 1 1 1 1 1 2 2 1 1 3 4 4 3 3 3 3 2 1 3 3 4 5 4 5 4 5 4 4 4 3 3 3 2 3 3 4 4 6 7 8 9 13 13 16 17 16 16 18 17 14 13 14 12 10 9 8 9 8 8 7
23 11 9 14 12 8 3 3 0 0 0 0 0 0 0 0 0 0 0 0 0 0 0 0 0 0 0 0 0 0 0 0 1 0 0 0 1 1 1 1 1 1 1 1 2 4 5 2 2 3 3 3 3 3 2 4 6 5 4 6 6 5 5 4 4 3 3 3 3 3 3 3 4 5 6 7 9 11 12 15 15 17 18 17 16 15 15 14 11 10 9 8 8 8 9 7
21 17 10 11 8 2 2 1 0 1 0 0 0 0 0 0 0 0 6 6 4 0 0 0 0 1 1 1 0 0 0 0 0 1 0 1 1 1 1 0 0 1 2 2 2 2 4 5 5 3 1 3 4 3 3 4 3 4 4 6 4 4 4 4 3 4 3 3 3 3 3 3 3 3 4 7 10 11 11 15 17 16 17 17 18 16 15 14 12 11 8 8 8 7 7 6
16 14 11 6 6 0 0 0 1 0 2 3 0 4 0 9 11 13 14 13 9 0 4 3 3 3 2 1 0 0 0 0 0 1 1 0 0 1 0 1 1 1 2 3 4 3 5 6 7 4 3 3 3 4 5 4 3 3 5 5 3 5 4 5 4 3 3 2 2 2 3 3 3 3 4 5 7 8 9 13 15 17 15 15 16 17 17 13 13 11 9 8 10 8 8 6
15 11 7 8 6 4 2 2 1 1 7 10 11 12 16 20 24 21 27 23 16 11 7 7 5 2 2 1 0 0 0 0 0 0 0 0 0 0 1 1 1 1 3 2 4 3 4 5 5 5 4 4 3 3 4 4 3 3 3 3 4 4 4 4 3 2 2 2 2 2 2 3 3 3 4 4 7 7 10 11 13 15 15 14 18 17 17 13 12 9 9 9 8 8 10 7
28 22 17 11 8 4 4 4 2 9 15 17 21 17 29 37 36 44 44 35 26 7 14 10 5 2 2 0 0 0 0 0 0 0 0 0 0 0 1 1 1 1 1 3 3 4 6 4 8 7 7 6 5 5 2 2 4 3 3 3 4 3 3 3 3 2 2 2 2 1 1 2 3 3 4 5 5 6 9 10 12 13 15 15 15 16 16 14 14 10 8 9 8 8 8 9
42 34 24 14 13 10 7 8 4 18 24 30 21 29 40 58 72 74 50 47 36 25 15 10 6 3 3 2 0 0 0 0 0 0 0 0 0 0 0 1 1 1 1 2 2 3 4 6 7 9 6 9 6 5 3 2 3 1 2 2 3 3 3 3 3 2 2 2 2 1 2 1 2 3 4 5 6 7 8 9 11 11 13 14 17 16 16 15 14 10 10 9 8 7 7 12
50 45 35 23 18 12 9 9 22 29 38 34 41 37 41 76 91 88 62 60 50 31 17 2 7 7 4 3 1 0 0 0 0 0 0 0 0 0 0 0 0 1 1 2 2 4 4 6 8 7 8 8 7 5 4 4 2 1 1 2 2 2 3 3 3 2 3 2 2 2 1 2 2 3 4 5 5 7 9 9 10 11 13 14 13 14 14 14 13 12 13 10 9 8 9 10
58 49 47 42 32 24 22 28 36 43 47 44 51 75 78 85 96 118 81 69 44 30 16 10 7 9 5 3 1 0 0 0 0 0 0 0 0 0 0 0 0 0 1 2 4 3 5 5 7 7 9 8 7 6 4 5 2 1 1 2 1 2 4 4 3 4 3 3 3 2 4 2 2 3 5 5 5 7 7 8 10 9 10 12 13 14 15 15 12 12 13 11 11 11 9 8
66 45 75 62 45 29 24 41 56 56 47 62 79 97 106 107 88 130 90 59 42 14 15 8 9 4 5 1 2 0 0 0 0 0 0 0 0 0 0 0 0 1 0 1 3 3 4 7 7 10 9 8 9 6 3 2 2 2 2 2 2 3 2 2 3 4 4 4 4 4 4 4 4 4 5 5 5 7 7 10 9 10 10 12 12 14 13 13 12 12 11 11 12 9 10 10
74 60 81 75 60 50 50 54 67 58 52 62 96 111 119 121 94 76 91 62 42 15 17 8 6 6 5 3 1 1 0 0 0 0 0 0 0 0 0 0 1 1 0 1 1 2 3 7 6 7 7 11 9 7 7 5 3 5 2 2 2 3 2 2 3 2 4 5 5 6 6 5 4 5 5 5 5 6 6 8 8 10 11 11 12 13 14 14 13 14 13 12 15 13 12 11
68 68 75 74 82 66 67 65 63 64 67 77 73 81 98 114 94 81 99 62 48 32 22 16 13 6 5 4 2 1 0 0 0 0 0 0 0 0 0 0 0 1 1 1 0 2 4 5 8 6 8 9 8 7 8 5 6 6 5 5 5 4 3 3 2 2 3 3 6 7 8 6 6 6 6 6 6 7 6 9 9 9 10 12 13 13 14 15 15 13 13 13 13 12 13 14
79 74 64 82 72 67 67 68 61 64 72 77 73 90 104 61 73 103 98 84 46 41 20 21 18 12 9 5 1 1 1 0 0 0 0 0 0 0 0 0 0 1 1 2 2 2 2 5 6 4 6 6 8 7 7 8 5 7 6 7 6 5 6 5 4 3 4 3 4 5 5 8 8 8 7 7 7 8 9 8 10 11 12 13 13 13 14 13 14 17 15 13 12 13 14 13
81 72 78 79 83 64 70 75 58 80 113 105 96 56 72 93 98 114 98 73 49 48 42 35 24 14 9 6 0 2 1 0 0 0 0 0 0 0 0 1 1 2 3 3 3 1 3 5 5 5 3 7 7 7 8 5 6 7 8 6 5 6 6 6 5 4 5 4 5 4 5 5 6 7 9 8 9 8 9 9 9 11 11 13 13 14 15 15 16 16 17 15 13 15 13 14
73 88 80 76 73 92 93 72 68 90 108 108 115 57 67 87 76 89 92 61 66 71 48 37 23 13 10 6 4 2 1 1 0 0 0 0 0 0 0 0 2 3 5 3 1 2 3 4 5 5 5 5 6 7 7 7 8 8 8 7 8 8 7 6 5 5 5 6 7 5 6 7 4 6 6 8 8 9 10 10 9 11 14 14 16 17 17 16 19 19 19 20 18 15 14 16
69 73 75 78 90 122 109 95 81 92 117 109 114 102 95 99 78 76 83 68 69 59 40 27 18 12 7 8 4 0 0 1 0 0 0 0 0 0 0 0 1 4 5 2 3 2 4 4 6 5 9 5 4 5 7 7 7 8 8 8 12 9 7 8 8 8 5 5 5 5 5 6 4 7 8 8 8 8 8 11 14 13 14 15 18 18 20 17 21 21 21 22 21 21 19 20
74 78 96 89 131 140 107 106 123 101 93 88 99 103 120 101 99 76 82 79 69 34 31 12 11 12 16 10 5 0 0 0 1 1 0 0 0 0 0 0 2 5 6 5 4 3 4 4 8 9 9 9 5 5 9 9 7 6 9 7 8 7 7 10 9 7 4 6 5 6 5 5 5 6 8 9 10 7 9 10 12 15 16 16 18 20 20 17 16 20 21 25 21 20 21 24
110 123 91 102 137 153 126 139 119 108 114 108 102 126 120 97 121 108 130 113 67 37 29 9 6 15 16 12 6 1 1 0 0 0 0 0 0 0 0 0 3 6 10 7 4 3 5 7 9 8 9 10 7 8 8 10 6 7 7 6 5 6 13 12 10 6 6 6 6 6 6 6 8 6 9 8 10 9 12 13 14 14 12 19 19 23 21 18 20 20 24 22 24 19 26 25
121 84 98 115 155 145 140 149 169 132 109 110 115 99 129 132 110 115 130 106 68 41 42 30 21 18 22 12 6 2 0 0 1 0 0 0 0 1 0 0 3 7 13 9 5 5 6 7 7 10 12 9 8 10 10 11 10 9 7 7 10 8 11 8 8 9 7 5 6 6 6 5 6 7 7 8 9 12 15 14 12 13 17 21 21 20 12 12 18 18 19 23 22 22 30 30
94 92 106 125 150 138 159 158 194 148 112 123 131 120 114 131 152 130 152 133 103 81 62 43 31 15 18 14 4 2 1 0 1 0 0 0 1 0 1 2 5 8 11 11 7 5 4 5 8 12 18 18 13 13 9 13 12 10 7 6 10 7 7 5 8 8 9 7 6 7 7 7 7 7 7 9 8 13 13 14 20 15 17 20 20 19 16 13 15 10 16 12 21 27 22 26
115 126 124 113 148 153 153 149 163 128 133 160 144 149 195 146 138 110 153 172 124 99 73 52 32 18 18 17 13 8 5 2 1 1 0 0 0 0 3 3 5 8 6 5 8 4 4 7 10 14 16 14 16 15 19 18 13 13 9 9 7 8 7 6 6 5 8 8 7 8 7 8 7 9 8 7 9 10 14 18 18 20 20 24 18 18 10 10 12 15 17 16 15 19 19 19
183 171 144 130 153 154 170 138 139 124 118 184 167 155 193 146 130 120 151 196 161 110 78 45 27 23 23 26 19 14 9 5 2 1 0 0 0 0 2 4 5 7 8 7 8 4 3 7 8 11 19 21 27 16 19 16 14 14 13 9 11 6 10 7 9 8 8 8 6 9 10 7 9 9 8 8 11 10 12 15 18 19 18 23 24 16 10 17 18 16 18 21 18 21 18 13
164 134 139 124 166 177 160 175 140 147 158 147 176 256 236 169 146 152 157 220 148 101 89 55 44 25 22 28 28 18 13 4 3 1 0 0 0 0 1 1 4 5 6 6 6 4 3 4 6 9 14 19 23 16 14 17 14 16 13 14 10 9 8 9 9 8 7 8 8 9 8 10 9 9 9 9 7 11 10 13 19 22 25 22 20 14 9 9 14 13 16 14 15 17 19 16
137 119 157 149 148 151 223 180 187 179 166 150 181 235 256 161 149 152 156 227 142 95 88 56 63 51 39 32 15 27 18 10 2 0 0 0 0 0 0 1 1 3 2 4 4 3 1 2 1 6 9 12 13 12 14 19 22 15 17 15 12 11 8 9 11 9 9 7 8 10 6 8 9 8 7 9 10 10 11 13 15 14 18 20 19 11 9 9 14 8 12 8 6 15 20 31
121 142 152 120 171 145 185 208 237 208 161 159 204 193 273 243 276 231 221 194 181 134 115 112 85 80 54 38 34 31 24 13 1 0 0 0 0 0 0 0 2 1 2 3 3 2 1 1 0 3 5 4 8 9 12 18 16 13 14 12 13 14 8 7 12 10 9 6 8 5 6 7 8 9 7 8 8 9 7 8 12 12 17 23 19 13 12 13 10 7 9 9 12 13 20 28
109 107 125 133 203 189 170 214 231 186 211 172 243 278 268 324 294 298 229 223 185 138 124 113 111 80 43 35 53 41 31 20 2 0 0 0 0 0 0 1 1 0 0 1 1 0 0 0 0 0 2 3 5 7 9 9 12 18 15 13 14 12 15 10 12 10 9 9 7 4 4 4 7 9 11 11 7 10 6 9 7 8 18 16 15 14 11 7 6 5 6 10 6 12 14 15
132 151 127 118 144 205 201 185 181 203 155 167 255 254 286 290 306 281 266 252 214 148 128 123 113 94 84 73 66 52 41 29 17 8 4 3 0 0 0 0 0 0 0 0 0 0 0 0 0 0 0 0 3 4 6 8 11 14 16 12 15 15 12 12 11 12 8 8 8 6 5 4 6 7 8 11 7 8 5 9 9 8 11 12 8 8 9 8 6 10 9 8 8 8 11 17
172 128 143 113 122 145 233 217 231 200 188 199 203 222 256 220 256 273 262 258 191 195 136 117 85 130 106 115 84 63 55 38 26 14 5 6 4 0 0 0 0 0 0 0 1 0 0 0 0 0 0 0 1 0 2 5 8 11 14 13 9 12 12 14 12 11 10 10 8 6 3 5 5 4 6 7 8 8 5 9 9 9 10 9 7 13 9 10 8 7 5 7 4 4 5 14
148 100 106 90 117 119 158 251 217 225 201 196 238 234 254 208 254 270 250 270 191 235 152 119 89 132 105 112 103 66 50 54 33 10 8 6 3 0 0 0 0 0 0 1 1 1 0 0 0 0 0 0 1 1 1 1 6 9 11 13 11 10 11 13 13 12 9 9 9 4 3 4 7 3 6 9 7 4 7 6 7 7 7 6 6 6 6 8 6 5 4 5 5 5 8 11
159 130 95 102 107 121 167 228 260 234 209 217 192 202 271 344 237 262 261 266 243 225 163 80 129 147 92 122 120 94 98 57 38 23 12 6 2 1 1 0 0 0 0 1 1 1 0 1 1 1 1 0 1 1 1 1 4 5 10 10 9 10 11 13 13 11 10 8 8 7 4 7 7 5 7 6 8 7 8 8 7 7 6 2 2 3 4 4 4 4 4 4 5 5 4 7
164 136 114 111 111 122 159 177 205 159 215 235 182 196 245 250 226 232 244 256 300 239 184 158 159 177 162 92 68 84 57 58 45 25 12 4 1 0 1 0 0 0 0 1 0 0 1 1 2 1 0 0 0 0 1 1 3 6 9 9 9 6 9 13 12 12 15 13 10 9 9 9 9 10 9 5 7 11 12 12 7 7 6 5 4 3 3 1 1 3 4 2 3 2 3 4
220 176 126 109 134 150 161 129 157 156 176 205 182 203 225 218 220 237 253 293 301 241 189 174 171 226 188 109 82 88 57 58 40 23 2 1 0 1 1 0 0 0 1 0 1 1 2 2 1 1 1 0 0 0 0 0 1 5 8 11 9 4 9 8 12 9 15 10 11 10 9 10 9 11 7 5 8 11 11 14 12 9 7 5 3 3 1 2 2 3 2 0 0 1 0 2
151 144 126 119 132 161 181 155 182 182 178 214 217 223 246 214 226 206 243 239 184 216 188 205 219 265 189 139 136 111 72 52 35 20 2 0 0 1 0 0 0 0 1 1 1 3 2 1 1 0 0 0 1 0 0 0 1 4 7 9 9 6 8 9 11 11 12 11 9 7 12 13 13 10 7 5 7 9 10 11 12 6 5 4 3 2 2 1 2 3 1 0 1 1 1 1
124 94 100 108 140 156 186 206 182 232 229 221 214 215 235 219 225 201 245 221 197 202 194 233 238 249 185 179 138 111 76 26 32 19 8 3 0 1 0 0 1 1 0 0 0 1 1 0 1 0 0 0 0 0 0 0 0 3 6 8 8 8 12 10 10 10 11 11 8 8 11 15 12 10 5 3 7 10 11 12 13 9 8 5 4 2 0 0 1 1 1 1 1 1 0 0
113 92 108 111 137 128 174 226 214 263 251 218 227 233 235 250 212 238 230 210 185 170 218 211 225 261 171 123 139 112 74 48 29 18 4 0 0 0 0 1 1 1 0 0 2 0 0 0 1 0 0 0 0 0 0 0 0 3 5 9 10 12 10 6 6 10 8 9 13 11 9 12 11 9 8 5 8 10 12 11 14 12 10 5 3 2 1 1 0 0 1 1 1 0 0 0
104 127 117 121 110 138 208 226 221 256 232 237 242 239 261 274 247 250 271 260 243 204 210 260 213 222 194 122 86 97 75 46 29 18 8 0 0 0 0 1 1 1 0 1 2 0 0 0 0 0 0 1 0 0 0 0 1 2 5 6 10 11 10 5 6 8 8 7 10 10 8 9 10 12 9 9 9 9 6 8 13 9 6 5 3 2 3 1 1 0 1 1 0 1 1 0
186 162 138 119 129 133 199 212 197 298 293 279 234 216 204 224 264 273 278 264 236 193 208 270 201 206 167 147 136 69 56 45 28 16 7 1 0 0 0 0 0 0 0 1 0 0 0 0 0 0 0 0 0 0 0 0 0 1 3 6 9 7 10 9 6 10 7 5 10 8 7 8 10 10 11 9 10 7 5 7 8 8 7 4 0 1 1 0 1 1 0 0 1 1 1 0
249 169 142 142 130 127 163 195 238 312 290 317 259 235 214 224 222 229 265 276 324 272 259 256 245 199 171 148 139 71 64 41 26 7 6 1 0 0 0 0 0 0 0 0 0 0 1 0 0 0 0 0 0 0 0 0 0 0 2 4 6 8 10 10 7 7 7 5 6 7 7 10 10 9 9 9 8 6 2 6 6 5 5 3 2 0 0 1 1 1 0 0 1 0 0 0
302 190 133 167 165 139 195 211 216 230 310 368 278 141 240 231 220 229 243 266 322 276 296 317 327 308 210 123 111 91 55 38 22 7 5 3 2 0 0 0 0 0 0 0 0 0 0 0 0 0 0 0 0 0 0 0 0 1 1 2 4 6 8 11 14 9 6 5 4 2 7 9 9 8 8 8 9 7 3 5 4 4 3 2 2 1 1 1 0 0 0 0 0 0 0 0
223 189 173 168 201 156 164 223 289 276 308 325 294 282 278 248 296 250 230 283 280 307 319 326 366 310 221 152 107 53 47 29 17 9 4 3 1 2 2 0 0 0 0 0 0 0 0 0 0 0 0 0 0 0 0 0 0 0 1 1 3 3 6 9 9 7 6 4 5 4 6 10 7 8 11 9 14 7 4 4 3 1 1 0 1 2 1 0 0 0 1 0 0 0 0 0
190 199 171 172 137 130 182 177 179 208 262 290 310 353 361 368 393 273 223 326 272 283 309 382 391 326 242 153 100 63 29 17 9 7 3 3 3 3 0 0 0 0 0 0 1 2 0 0 0 0 0 0 0 0 0 0 0 0 1 1 1 2 4 7 5 5 4 4 4 4 7 5 7 6 8 10 10 8 6 4 2 1 1 0 0 0 0 0 0 0 0 0 0 0 0 0
207 177 158 151 141 143 139 158 174 177 211 269 281 334 374 391 400 308 250 318 302 296 352 386 259 198 172 133 97 41 26 18 9 5 4 4 4 3 1 0 0 0 0 0 1 1 0 0 0 0 0 0 0 0 0 0 0 0 0 0 1 1 3 5 5 6 4 5 4 4 4 4 6 6 7 8 8 5 4 4 2 1 0 0 0 0 1 0 0 0 0 0 0 0 0 0
247 162 141 149 143 139 153 171 183 167 180 212 243 277 322 365 422 422 304 308 311 343 414 417 250 205 204 141 93 56 29 16 9 5 4 4 4 3 2 2 0 0 0 0 0 0 0 0 0 0 0 0 0 0 0 0 0 0 0 0 0 1 2 4 6 10 6 5 5 5 4 5 5 4 4 4 4 6 4 3 3 1 1 1 0 0 0 0 0 0 0 0 0 0 0 0
271 235 164 146 148 146 148 158 183 182 195 203 207 272 342 391 495 371 305 305 317 310 345 403 389 242 189 134 91 53 15 10 8 5 3 4 5 3 3 2 0 0 0 0 0 0 0 0 0 0 0 1 0 0 0 0 0 0 0 0 0 1 1 3 5 6 8 7 5 5 4 5 3 4 4 3 3 4 4 2 2 2 1 1 1 0 0 0 0 0 0 0 0 0 0 0
406 286 202 165 150 162 147 138 145 163 197 187 199 243 331 416 387 337 319 352 332 338 352 428 416 307 165 119 67 52 18 11 10 7 5 5 4 3 3 2 1 0 0 0 0 0 0 1 0 0 1 1 1 0 0 0 0 0 0 0 0 0 1 2 2 4 5 6 6 5 4 3 4 4 4 2 4 3 2 2 0 2 3 3 2 1 0 0 0 0 0 0 0 0 0 0
230 288 294 229 189 169 150 142 154 169 187 195 196 235 277 294 421 426 345 352 336 365 390 442 340 276 155 124 86 55 35 21 14 8 6 6 4 3 2 1 1 0 0 0 0 2 1 1 0 0 1 1 0 0 0 0 0 0 0 0 0 0 0 1 2 2 3 3 3 3 3 4 6 4 5 5 5 3 1 1 2 2 4 2 3 2 1 0 0 0 0 0 0 0 0 0
191 215 266 260 246 184 161 160 155 154 164 198 195 226 245 303 408 404 433 396 345 363 422 460 373 283 187 109 83 59 39 24 14 9 8 6 4 2 2 1 1 1 0 1 1 2 2 1 0 0 1 1 0 0 0 0 0 0 0 0 0 0 0 0 0 1 1 0 1 2 2 3 4 6 6 6 5 3 2 1 1 3 4 3 3 3 2 0 0 0 0 0 0 0 0 0
106 161 178 218 233 262 211 150 168 158 149 162 169 229 248 260 276 319 418 406 356 338 435 434 405 293 216 137 93 51 29 30 12 14 11 7 2 2 1 1 1 1 0 2 3 3 3 2 0 0 1 0 0 0 0 0 0 0 0 0 0 0 0 0 0 0 0 0 0 0 1 2 3 4 6 5 3 3 2 2 2 3 4 3 1 0 2 0 0 0 0 0 0 0 0 0
116 113 191 204 262 237 210 182 168 154 142 150 149 173 203 262 281 276 277 451 418 390 429 387 303 238 214 127 114 84 59 37 21 18 12 8 3 1 1 1 1 1 2 3 4 5 4 2 0 0 0 0 0 0 0 1 0 0 0 0 0 0 0 0 0 0 0 0 0 0 0 1 2 3 5 6 4 3 4 3 2 3 3 2 1 0 0 0 0 0 0 0 0 0 0 0
123 131 116 191 222 245 222 215 171 157 154 158 148 159 190 198 260 293 271 338 414 509 415 372 366 276 185 164 139 114 72 44 27 13 14 9 5 3 1 1 2 1 2 3 5 9 6 3 0 0 0 0 0 0 0 1 1 0 0 0 0 0 0 0 0 0 0 0 0 0 0 0 1 2 3 5 4 5 5 2 1 3 4 2 1 0 0 0 0 0 0 0 0 0 0 0
140 143 140 149 192 200 223 209 209 159 168 164 158 159 159 210 209 285 303 346 483 373 408 433 364 260 223 158 96 76 67 44 21 21 15 11 7 4 2 2 3 2 3 2 5 6 6 4 2 0 0 0 0 0 0 1 1 0 0 0 0 0 0 0 0 0 0 0 0 0 0 0 0 1 2 3 3 4 5 4 3 3 2 2 1 0 0 0 0 0 0 0 0 0 0 0
128 146 134 118 133 155 235 215 262 201 192 182 173 176 181 205 198 232 274 320 425 390 408 341 284 273 274 191 126 97 56 37 27 20 17 10 8 6 3 3 3 3 3 3 5 5 5 5 3 0 0 0 0 0 0 0 0 0 0 0 0 0 0 0 0 0 0 0 0 0 0 0 0 0 1 0 2 3 5 6 6 3 1 1 1 1 1 0 0 0 0 0 0 0 0 0
113 140 126 118 142 155 182 219 227 259 242 191 172 160 186 190 181 200 237 309 395 315 349 329 315 292 234 225 177 115 62 43 24 19 14 14 10 7 4 3 4 4 5 4 6 5 2 5 3 2 0 2 2 1 0 0 0 0 0 0 0 0 0 0 0 0 0 0 0 0 0 0 0 0 0 0 1 2 3 4 5 3 0 0 0 1 2 1 0 0 0 0 0 0 0 0
77 114 136 145 141 142 152 176 241 250 243 179 164 153 177 220 233 210 241 256 364 304 283 267 260 258 239 243 184 140 82 64 29 26 17 14 11 8 6 4 4 3 3 4 4 4 3 4 4 4 5 5 5 3 2 0 0 0 0 0 0 0 0 0 0 0 0 0 0 0 0 0 0 0 0 0 0 0 2 3 3 2 1 0 0 0 2 1 0 0 0 0 0 0 0 0
94 109 131 146 133 143 139 168 201 225 178 153 152 173 163 171 193 236 239 308 301 282 258 266 244 267 285 260 208 155 138 94 39 27 19 13 11 8 7 4 3 3 2 3 2 3 3 1 4 7 10 11 9 5 3 1 0 0 0 0 0 0 0 0 0 0 0 0 0 0 0 0 0 0 0 0 0 0 0 1 1 1 2 1 0 0 2 1 1 0 0 0 0 0 0 0
66 98 121 149 144 153 154 166 209 168 185 143 146 145 150 144 169 256 298 252 304 316 321 263 299 261 285 286 258 256 185 131 85 34 20 16 11 7 5 4 3 3 3 2 4 1 3 3 3 5 7 7 8 7 3 2 0 0 0 0 0 0 0 0 0 0 0 0 0 0 0 0 0 0 0 0 0 0 0 0 0 0 0 0 0 1 0 0 1 0 0 0 0 0 0 0
61 67 119 129 146 119 104 142 159 171 153 137 136 133 150 167 214 223 231 251 298 293 307 295 304 303 327 333 288 269 223 168 114 72 43 18 18 8 7 4 3 2 2 2 2 3 3 2 3 1 5 7 5 2 3 2 0 0 0 0 0 0 0 0 0 0 0 0 0 0 0 0 0 0 0 0 0 0 0 0 0 0 0 0 0 0 0 0 0 0 0 0 0 0 0 0
60 90 109 133 130 116 114 135 140 147 151 134 139 153 154 198 187 167 213 248 301 262 243 260 295 302 293 253 214 205 267 195 140 88 56 38 25 17 7 6 3 1 1 1 2 2 3 3 1 0 5 11 4 2 1 0 1 0 0 0 0 0 0 0 0 0 0 0 0 0 0 0 0 0 0 0 0 0 0 0 0 0 0 0 0 0 0 0 0 0 0 0 0 0 0 0
63 63 101 114 114 90 98 87 136 124 148 148 140 173 188 185 177 204 210 221 257 251 252 254 260 308 299 250 247 194 184 172 130 80 66 45 32 21 13 8 3 2 0 0 0 2 2 3 3 2 5 7 5 3 1 0 0 0 0 0 0 0 0 0 0 0 0 0 0 0 0 0 0 0 0 0 0 0 0 0 0 0 0 0 0 0 0 0 0 0 0 0 0 0 0 0
55 51 74 102 125 101 92 84 76 105 125 134 160 198 186 200 214 215 219 222 232 270 254 253 246 258 253 334 292 212 164 118 102 81 47 49 38 25 15 9 4 1 0 0 0 1 2 3 4 4 4 5 1 0 0 0 0 0 0 0 0 0 0 0 0 0 0 0 0 0 0 0 0 0 0 0 0 0 0 0 0 0 0 0 0 0 0 0 0 0 0 0 0 0 0 0
67 58 70 99 90 86 64 63 66 91 111 122 139 198 186 198 208 218 234 200 233 237 237 233 214 261 239 292 261 209 177 134 103 71 45 41 29 21 15 8 5 1 1 0 0 0 1 2 2 1 1 2 1 0 0 0 0 0 0 0 0 0 0 0 0 0 0 0 0 0 0 0 0 0 0 0 0 0 0 0 0 1 1 1 0 0 0 0 0 0 0 0 0 0 0 0
